224
120
60
8
0
88
108
24
4
80
316
512
24
96
124
44
28
128
4
56
544
108
100
64
136
12
24
0
444
24
0
20
152
192
104
8
136
276
44
0
116
64
24
72
20
48
64
144
24
0
160
76
4
8
0
0
140
48
68
12
64
100
360
80
88
52
48
56
112
68
4
592
500
44
460
120
264
20
64
8
52
76
192
20
64
100
72
12
108
12
60
4
0
40
140
16
0
24
336
72
8
456
88
16
20
76
28
4
220
76
28
100
1168
8
316
44
168
0
16
572
200
20
216
60
40
352
40
68
32
0
52
104
68
32
40
1116
0
4
120
56
4
68
172
0
28
120
152
4
136
112
152
72
204
108
8
192
116
28
28
416
12
24
428
184
192
28
152
68
16
564
192
192
24
72
80
16
264
120
144
4
4
4
16
4
212
88
16
52
