40 8 160 8 48 12 72 96 20 64 0 24 28 64 112 20 40 8 160 8 48 12 72 96 20 64 0 24 28 64 112 20 40 8 160 8 48 12 72 96 20 64 0 24 28 40 120 24 36 16 12 56 20 24 12 32 24 4 12 36 24 40 120 24 36 16 12 56 20 24 12 32 24 4 12 36 24 40 120 24 36 16 12 56 20 24 12 32 24 4 12 36 24 40 120 24 36 16 12 56 
8 76 8 8 8 28 8 16 8 8 8 8 4 4 4 4 4 4 4 4 36 4 4 4 4 4 52 4 100 84 20 68 68 84 32 68 24 84 32 32 84 112 28 68 28 68 68 52 68 32 60 60 36 36 4 36 44 4 36 0 0 0 0 68 36 0 36 0 0 4 36 4 0 4 0 4 0 0 32 0 0 4 36 0 52 4 0 4 0 0 0 0 0 0 0 0 44 0 0 0 
80 80 80 80 0 0 0 0 36 180 36 36 36 36 0 0 44 28 44 44 16 56 16 84 84 12 48 24 88 32 44 32 32 16 16 92 92 92 92 48 48 48 48 48 84 40 40 24 24 48 48 24 84 28 36 100 24 168 24 48 76 92 24 32 84 16 32 32 16 4 4 4 32 112 28 8 76 32 60 92 4 76 8 44 36 44 72 112 72 60 8 8 60 20 32 64 92 8 64 76 
4 4 4 32 176 16 112 112 112 112 212 48 60 60 16 60 100 92 72 44 64 80 120 96 152 88 44 100 88 20 184 184 184 20 160 72 28 44 16 72 60 156 8 48 48 160 32 48 48 48 92 44 444 16 100 24 184 24 184 32 16 96 60 132 220 96 68 4 20 96 28 136 24 32 52 4 24 20 124 96 124 28 20 8 96 28 96 24 4 220 96 28 4 96 24 32 32 20 52 128 
20 20 20 20 20 8 8 220 220 4 4 4 4 4 4 4 0 48 48 48 48 0 0 4 20 20 16 0 16 36 36 208 4 24 28 12 76 40 40 40 40 36 72 16 0 0 0 0 64 44 28 32 44 4 32 84 84 24 0 4 32 0 44 0 84 4 44 208 12 88 40 0 44 16 36 12 40 32 48 56 160 36 8 116 24 8 24 92 8 160 48 80 24 84 156 52 76 340 224 36 
340 32 108 340 340 8 228 212 116 224 116 152 32 76 124 32 36 32 32 0 56 124 124 152 152 152 152 104 108 124 228 104 104 32 32 32 88 104 32 136 36 60 204 48 144 80 8 8 20 64 124 120 48 48 20 48 48 0 20 64 64 60 32 20 92 16 16 76 16 68 16 80 80 16 192 112 4 4 4 112 8 16 20 16 16 144 112 120 24 208 152 16 144 32 68 16 16 4 4 80 
28 120 28 16 24 28 24 28 24 300 144 28 168 56 80 184 76 0 76 76 132 244 32 0 36 76 52 0 148 72 72 72 32 0 0 0 0 96 112 0 12 76 0 92 40 68 72 0 32 40 76 32 0 32 48 44 0 196 0 68 36 0 36 40 92 40 100 72 28 56 88 40 116 56 92 100 8 40 56 56 20 36 72 60 8 20 92 188 44 36 92 8 40 8 216 88 40 8 36 8 
20 48 20 204 20 132 40 160 40 216 268 268 72 44 20 24 24 24 140 256 280 76 64 88 88 232 8 12 104 4 4 16 56 36 176 52 88 4 100 28 108 72 72 100 44 4 4 28 28 68 224 72 24 20 152 84 84 188 36 24 252 24 72 64 36 128 60 4 472 172 208 36 60 36 76 36 156 156 24 36 60 108 184 212 40 20 76 140 428 40 16 168 184 152 64 240 108 136 52 196 
96 96 96 48 28 128 168 128 60 4 84 84 92 84 264 264 256 164 428 164 64 64 64 68 84 84 84 200 196 180 76 4 76 72 216 116 116 16 60 80 52 120 56 136 120 20 72 132 124 60 120 64 156 60 20 16 20 16 84 16 40 52 120 272 88 80 72 88 108 64 120 112 60 56 20 20 92 16 84 48 104 4 4 44 100 44 60 132 68 60 100 120 48 4 24 32 4 84 44 0 
0 0 0 0 44 44 76 44 44 208 44 0 0 64 132 76 24 0 0 132 84 88 0 0 4 4 76 132 196 136 88 0 4 4 0 0 4 4 4 136 4 28 36 0 4 4 4 4 4 20 4 4 24 4 4 4 0 28 4 4 4 4 4 24 0 4 0 8 4 176 4 24 4 0 0 4 4 24 20 4 4 88 72 4 4 4 4 72 4 176 4 4 20 136 8 172 32 12 28 120 
240 4 128 240 128 104 240 20 96 164 240 164 196 108 196 44 164 168 164 164 164 88 40 348 288 288 252 252 208 20 8 8 8 8 68 68 68 68 120 120 120 104 104 120 120 120 64 116 40 40 20 48 32 60 8 8 100 100 4 128 8 8 120 120 44 4 44 44 68 8 8 8 8 8 20 52 48 40 28 28 8 120 68 52 48 184 108 52 136 4 16 92 256 104 4 144 56 64 56 324 
132 132 52 92 144 132 220 220 232 12 220 220 52 52 16 16 16 16 16 80 12 232 80 224 232 224 16 16 452 232 164 164 40 136 272 300 268 268 268 20 164 28 20 24 96 76 76 76 108 76 76 76 68 68 504 356 184 56 88 72 56 88 84 96 52 36 52 76 68 192 124 136 120 32 292 108 40 156 172 112 40 136 52 48 76 72 8 44 36 172 16 84 112 56 248 156 212 0 152 152 
300 184 300 0 72 104 104 152 152 0 84 196 272 68 68 4 152 20 152 152 152 268 16 120 192 136 272 28 384 144 56 56 236 56 64 52 76 76 108 88 88 24 180 96 76 80 144 168 100 56 124 4 4 68 220 80 148 152 68 52 268 16 188 168 324 104 152 212 24 64 172 24 268 24 64 116 20 84 148 20 4 72 124 24 124 4 24 24 24 284 24 20 4 116 24 24 128 172 4 124 
80 80 80 160 208 96 28 248 24 208 20 60 60 144 148 28 284 52 152 92 64 28 76 144 144 100 96 232 88 140 76 64 60 132 28 208 100 208 40 208 68 116 60 244 88 4 332 0 36 36 88 36 36 20 0 40 72 88 0 72 0 220 0 68 36 80 136 0 264 0 0 232 88 0 32 0 0 0 204 72 92 204 0 0 216 88 0 104 0 112 120 72 148 120 256 12 148 112 120 136 
248 248 248 272 312 224 76 76 104 24 120 120 112 176 92 136 24 112 120 84 32 84 24 220 144 84 204 260 256 72 0 220 16 16 16 16 220 92 16 44 104 4 192 84 84 296 100 360 104 252 252 0 244 76 68 0 252 16 240 76 208 60 64 68 176 72 4 16 160 168 200 140 48 168 188 128 104 160 272 168 64 168 128 64 132 148 204 24 84 160 260 24 232 56 176 132 252 104 152 104 
28 16 232 232 16 16 232 232 16 16 28 16 152 28 112 8 372 16 16 16 28 120 124 152 16 16 16 28 16 16 16 88 16 4 12 16 156 76 100 112 216 32 592 140 100 116 104 24 44 224 524 72 72 96 148 24 156 168 248 224 96 140 244 156 100 156 84 244 176 132 24 132 96 132 96 12 132 284 16 144 16 16 148 132 8 104 64 264 84 36 16 176 44 16 16 68 112 124 224 16 
16 16 16 16 16 16 4 16 16 16 16 16 284 24 160 340 104 164 112 196 412 112 176 0 56 56 56 56 56 56 0 244 356 356 96 76 20 164 136 156 80 60 156 92 68 52 4 60 44 36 84 20 248 484 128 92 24 4 228 116 308 132 168 120 52 0 68 292 104 192 104 4 4 0 336 128 24 24 88 4 92 24 4 4 92 0 140 224 60 4 20 156 112 24 128 188 4 4 120 416 
36 36 36 36 24 244 24 148 440 92 440 672 4 32 36 36 36 4 36 36 36 116 116 180 124 124 124 4 160 36 132 0 0 0 0 24 148 0 0 88 0 20 24 0 0 20 0 96 212 20 0 108 92 0 0 20 92 20 20 32 104 88 20 0 24 0 20 92 0 0 56 0 0 56 104 64 0 4 160 80 0 28 40 0 132 232 72 124 80 44 76 176 28 44 24 84 68 76 28 128 
192 132 192 192 192 356 192 120 192 76 80 44 192 192 192 192 104 192 192 132 112 0 0 196 0 0 0 12 12 64 156 160 0 0 52 112 0 0 0 20 0 0 160 216 116 0 20 0 0 32 32 444 64 72 24 108 164 64 64 100 100 0 12 8 116 244 100 76 196 248 404 76 76 148 212 44 0 156 0 76 16 268 108 92 172 20 0 204 16 16 92 164 100 164 244 32 196 80 0 240 
88 88 100 116 180 180 108 100 172 100 180 4 264 264 140 140 144 188 308 192 168 36 100 100 4 28 16 84 88 36 88 140 88 88 88 88 88 88 88 88 36 92 88 76 116 28 100 108 56 28 16 40 144 196 12 0 260 132 40 260 128 196 64 60 120 92 280 128 92 12 12 104 96 60 88 44 292 152 88 144 128 140 24 320 68 260 208 24 136 24 24 24 16 192 24 320 320 120 168 172 
320 264 72 56 320 320 144 144 8 136 68 192 4 4 4 4 68 4 176 4 4 4 84 124 292 56 44 4 4 4 4 4 124 100 4 56 124 4 204 140 128 144 244 112 128 116 116 116 116 132 128 128 20 104 4 200 200 268 256 68 172 104 144 68 176 268 4 120 36 60 60 28 248 72 72 256 72 48 264 156 12 84 72 112 204 184 268 268 72 100 36 76 132 16 4 84 476 468 168 4 
476 156 156 476 468 468 224 272 68 36 112 220 220 348 280 280 128 180 228 160 160 148 160 144 8 36 160 104 128 128 36 36 160 160 88 116 108 24 128 128 120 160 56 32 12 136 52 32 56 292 60 128 88 48 144 40 248 144 84 36 52 160 48 8 160 56 76 128 228 192 100 24 128 452 24 104 84 112 40 24 256 112 24 224 64 100 96 112 132 132 32 4 260 20 48 44 204 32 88 132 
220 160 176 220 116 340 116 24 64 48 232 64 100 104 112 312 24 52 52 32 32 32 32 56 56 20 172 256 108 80 156 16 20 32 32 24 20 16 40 64 36 72 16 16 16 20 16 16 108 16 192 196 136 252 64 16 60 16 140 16 16 0 152 32 112 112 8 252 20 64 248 60 248 0 108 84 16 212 208 108 112 0 76 24 112 112 24 32 32 220 196 80 72 260 24 32 72 48 204 32 
80 80 80 256 52 120 80 8 108 116 112 84 84 24 4 4 36 240 20 44 68 52 72 108 68 68 132 132 4 76 120 132 96 96 4 4 152 72 68 116 52 40 160 104 192 68 4 76 40 72 76 68 64 84 116 132 100 124 128 116 84 160 4 4 12 24 152 12 316 12 4 352 76 32 156 96 180 96 220 64 100 92 32 180 200 4 84 184 108 108 160 24 48 4 84 160 20 140 28 92 
24 24 24 4 80 4 68 80 32 236 44 44 280 280 84 84 4 4 4 36 36 36 180 4 4 132 40 132 104 140 88 48 96 4 4 112 4 72 112 72 4 8 4 240 52 120 60 4 88 36 4 4 196 136 52 128 60 280 4 68 48 128 4 88 52 4 4 96 56 32 264 4 48 56 212 92 32 20 4 12 12 264 32 160 104 4 168 264 156 84 84 76 4 24 12 112 64 84 32 4 
84 200 212 36 188 84 160 84 84 148 136 148 120 120 68 80 80 80 88 212 212 4 4 4 200 196 36 36 20 20 124 156 80 112 108 108 4 36 100 68 140 72 4 88 176 156 48 160 4 308 4 156 4 4 56 112 112 140 148 72 32 120 72 84 120 16 120 68 112 240 156 4 32 72 4 32 120 112 32 104 4 72 192 336 68 64 4 272 8 268 8 176 268 48 4 108 4 16 128 48 
100 240 100 24 204 204 108 284 8 56 144 268 80 220 4 4 32 108 100 108 8 4 80 92 8 172 204 80 228 4 80 136 72 72 24 24 100 100 56 76 84 24 24 472 56 56 56 168 328 184 88 140 140 140 12 96 96 104 232 84 4 152 128 20 128 4 140 188 188 92 60 188 60 88 24 88 88 216 4 4 60 136 60 436 176 88 60 88 88 56 188 8 160 76 28 60 60 48 60 140 
152 152 20 152 72 100 72 72 64 64 64 112 68 80 0 72 28 160 64 128 0 0 0 92 28 72 72 72 92 116 176 28 140 68 68 52 40 68 44 92 348 84 84 104 16 112 144 72 140 104 132 164 484 132 172 108 60 212 84 68 144 72 212 84 156 172 88 104 220 56 72 76 156 284 164 68 152 68 60 20 144 64 80 308 64 84 112 240 112 92 64 16 80 104 240 60 200 0 76 60 
64 64 188 64 256 24 24 44 68 76 208 132 44 152 76 72 76 96 76 76 80 108 216 56 76 116 72 100 212 84 268 84 8 84 128 92 140 116 156 136 64 80 24 108 20 88 88 68 40 16 24 88 0 156 16 56 88 20 24 0 480 88 120 176 348 40 108 176 108 68 148 8 176 176 52 240 104 148 152 88 16 84 0 16 20 72 208 20 8 76 0 128 64 16 0 0 216 48 0 16 
144 192 144 20 20 8 8 8 16 12 0 104 0 0 112 216 0 0 20 20 0 16 40 208 288 112 44 44 44 44 64 56 76 4 120 84 44 108 72 84 72 168 52 120 128 76 112 132 212 192 144 44 288 252 60 64 124 188 192 32 104 4 76 24 84 48 40 100 164 160 100 12 212 44 192 56 52 24 164 236 148 88 200 12 16 64 68 152 88 80 196 232 52 148 140 72 4 4 148 80 
208 8 156 152 48 152 148 252 48 48 176 124 164 208 84 84 84 84 224 224 164 164 68 52 288 60 164 120 256 144 52 52 96 52 188 120 20 96 228 136 488 76 8 200 28 300 100 168 108 56 8 8 44 8 104 100 116 136 104 20 128 84 136 40 180 216 24 16 4 128 8 44 40 92 164 288 280 72 228 72 236 204 276 8 184 116 64 4 100 60 8 244 140 64 96 176 240 40 224 252 
4 0 0 4 80 376 8 0 0 84 84 96 128 188 104 108 264 4 4 160 124 100 84 80 108 80 180 196 232 72 80 268 180 184 88 40 212 64 36 184 96 64 64 12 44 96 104 0 44 84 244 76 0 132 108 44 164 12 0 132 36 112 244 52 0 124 56 148 132 44 60 100 44 44 44 0 152 68 68 188 80 136 84 124 108 56 440 164 108 124 60 124 64 116 132 36 56 104 184 68 
440 428 428 124 88 56 88 232 168 108 40 72 72 72 72 20 20 252 84 52 20 80 96 52 44 4 40 64 92 144 40 4 76 136 216 4 80 116 100 44 148 148 116 112 248 32 116 204 112 244 96 88 276 72 76 4 56 248 128 28 40 264 108 420 240 112 4 220 128 96 292 96 108 84 128 116 96 44 4 120 36 148 8 36 156 20 240 184 0 100 104 132 8 224 36 108 172 8 8 100 
8 124 0 8 68 80 76 8 8 164 80 244 64 152 144 144 300 192 84 36 188 68 228 88 224 4 36 36 260 156 0 24 48 60 104 104 36 100 0 4 72 104 120 160 196 104 0 152 56 136 168 144 144 36 184 180 72 248 80 156 148 220 220 28 60 108 84 164 60 392 8 36 148 136 148 212 104 392 256 100 228 16 132 200 116 112 104 8 84 80 116 84 4 140 172 84 288 84 80 84 
208 208 64 208 116 108 16 80 68 248 112 112 32 128 136 136 68 112 80 68 36 104 36 300 104 84 0 56 140 96 72 164 120 40 0 0 120 212 0 44 100 60 36 224 148 36 40 32 44 104 0 328 36 288 60 112 20 108 64 164 108 4 8 100 24 84 84 20 200 108 192 184 132 56 104 180 180 24 56 140 112 256 68 128 56 112 40 4 96 116 204 128 128 248 180 116 100 112 216 364 
364 200 364 8 120 20 204 96 24 60 108 108 132 132 96 168 108 56 168 208 132 132 132 84 112 24 172 96 76 96 116 96 164 40 100 64 132 304 72 76 228 8 132 40 96 68 96 56 96 376 96 168 68 136 40 104 172 80 92 92 56 208 96 180 88 192 140 108 116 216 20 72 72 176 108 104 180 60 104 220 108 228 56 44 32 80 244 144 140 64 240 116 192 112 288 24 204 184 64 144 
232 8 12 40 40 84 40 144 144 32 32 144 124 100 260 172 88 104 152 156 204 108 88 224 184 76 296 340 128 24 68 36 300 192 24 108 36 196 44 80 140 128 80 112 188 76 196 204 252 76 132 104 140 80 80 24 156 24 80 12 0 36 108 76 76 0 292 116 140 172 76 148 108 16 168 96 92 68 92 96 140 0 284 140 0 480 12 140 0 56 0 116 108 152 104 52 184 4 272 236 
268 52 268 268 144 148 0 4 140 204 120 120 4 4 272 272 156 156 228 212 236 236 220 80 120 108 144 160 136 76 104 148 228 16 116 208 264 72 16 232 28 28 28 28 76 76 120 24 136 36 28 152 140 136 416 76 168 316 140 28 8 184 92 76 124 64 60 212 88 68 196 76 144 164 64 36 40 68 196 88 184 292 80 16 12 68 168 212 48 180 176 308 152 148 64 168 156 104 172 484 
484 168 184 100 72 72 92 340 88 192 88 124 0 0 0 28 112 228 148 228 252 252 108 148 148 20 276 20 68 352 220 44 156 208 36 108 212 260 52 20 100 24 40 60 12 240 40 356 124 136 400 40 56 424 136 372 236 20 148 160 0 36 84 128 24 32 152 128 92 0 72 24 128 36 128 208 140 164 20 172 236 168 0 76 96 76 0 0 100 20 212 128 0 220 112 288 524 0 20 112 
524 80 524 524 256 268 20 248 248 80 56 52 56 28 568 80 152 104 336 20 44 156 156 60 60 344 336 8 8 156 148 68 8 8 96 144 268 220 180 76 160 48 140 20 260 8 72 28 48 76 92 112 108 240 188 92 8 40 172 36 212 112 84 164 72 4 20 148 176 156 8 188 24 164 8 4 168 4 244 8 40 24 20 8 8 8 8 64 20 4 8 64 204 56 28 168 104 76 44 44 
188 188 188 220 0 84 56 44 84 84 56 56 84 36 56 84 0 0 132 0 0 60 12 12 0 36 48 224 36 196 92 160 92 92 100 76 36 244 112 228 36 4 4 180 112 112 24 172 4 4 112 140 4 140 80 60 4 92 108 108 104 232 92 96 184 80 112 40 388 236 160 168 92 28 76 52 132 60 96 144 76 88 96 184 156 104 176 120 296 120 96 40 188 224 104 132 252 120 132 108 
20 20 20 40 80 252 252 52 56 428 240 36 172 52 52 148 148 252 268 88 88 88 88 88 88 128 112 64 136 4 156 16 188 0 0 24 196 196 104 8 24 120 72 88 12 40 152 64 8 208 96 248 140 148 144 16 24 0 88 0 168 16 88 0 0 0 0 88 168 132 24 136 168 24 176 136 8 8 152 340 104 80 8 4 144 8 228 152 128 136 248 228 228 8 152 228 152 216 64 4 
28 28 56 28 124 140 80 88 140 156 144 64 100 80 100 56 56 60 132 56 56 44 44 44 44 44 44 44 44 132 172 4 316 160 48 92 52 120 120 16 208 32 32 32 64 32 160 148 84 68 32 20 148 24 216 56 64 0 124 68 16 24 32 40 36 248 32 0 88 128 204 24 40 128 172 44 4 80 48 120 168 0 0 128 0 48 0 0 0 0 0 68 0 0 0 0 0 192 0 0 
196 72 196 196 0 0 0 0 0 0 236 228 148 572 192 192 0 0 192 0 468 168 116 136 212 20 92 92 120 132 96 204 92 92 280 88 64 72 196 84 148 96 96 68 72 72 88 116 72 88 40 20 92 120 120 92 56 156 36 80 84 96 104 136 96 4 8 48 224 16 432 52 52 36 200 140 420 48 36 80 192 52 0 172 36 104 76 136 76 36 256 80 0 8 92 256 44 16 432 280 
108 108 56 108 188 188 64 184 136 104 120 120 72 72 128 72 72 440 136 68 68 184 260 96 96 0 64 116 236 76 76 36 104 164 164 112 56 156 24 24 80 156 256 152 208 76 124 92 112 288 72 164 68 192 144 448 112 100 52 144 116 100 104 76 44 52 36 60 32 136 56 4 16 108 40 116 20 32 20 96 60 136 136 196 100 20 80 108 20 164 20 4 56 4 140 36 172 56 60 40 
76 76 236 128 428 136 428 428 60 60 40 40 68 68 252 256 28 72 140 40 60 40 240 8 40 80 40 44 40 168 68 152 168 272 132 172 80 236 236 24 124 176 80 80 20 148 32 36 124 104 104 124 184 104 188 0 220 124 80 36 72 28 248 104 244 268 64 80 228 240 288 152 92 144 80 84 140 56 84 188 96 4 8 80 104 88 56 148 200 8 176 84 24 108 56 148 88 80 80 84 
24 24 116 44 44 200 68 88 88 204 24 84 192 44 124 192 192 192 40 84 28 196 132 92 24 120 88 100 120 24 192 24 124 88 8 76 68 112 60 136 184 200 100 84 4 4 20 96 32 144 52 28 140 128 4 4 120 4 176 40 144 28 0 4 100 40 152 180 4 120 4 4 52 136 40 40 52 4 40 0 48 144 212 60 140 140 236 140 124 224 128 56 232 84 24 228 72 108 144 144 
236 228 72 8 92 100 244 424 80 212 112 112 168 296 40 80 392 284 204 284 72 772 208 24 208 112 24 24 124 156 24 76 144 380 80 60 244 72 92 104 136 64 84 328 156 116 84 220 48 208 12 48 164 224 132 168 152 72 208 132 36 124 176 208 132 24 84 220 36 92 92 36 40 220 124 156 96 232 8 60 76 136 60 28 60 188 192 220 56 344 56 76 188 12 104 88 20 72 88 32 
104 204 8 104 104 164 8 76 96 96 248 40 280 112 184 156 28 28 80 76 104 104 56 12 120 192 152 56 136 88 136 72 12 40 324 252 148 144 80 8 100 12 12 28 84 100 104 176 52 44 8 224 88 160 72 136 88 40 212 60 152 104 212 28 128 60 56 164 60 60 104 372 64 56 164 72 88 52 104 80 92 72 212 88 232 72 88 92 116 36 184 68 156 180 72 140 116 28 128 68 
72 72 132 60 36 116 36 40 36 88 116 112 68 8 96 120 116 212 116 72 268 72 100 248 116 92 152 32 172 156 44 16 76 84 72 16 44 184 184 52 152 52 64 92 112 128 92 84 88 256 188 44 236 232 128 84 104 52 76 104 108 44 76 160 172 104 96 224 224 76 132 80 260 80 108 116 132 8 60 208 80 76 52 8 52 60 44 116 232 52 100 60 56 8 100 128 20 112 52 84 
124 200 212 64 208 16 92 16 156 248 60 28 120 120 220 124 8 32 0 0 188 36 160 16 16 188 124 8 72 188 104 140 0 136 72 212 80 40 96 136 28 28 172 28 252 44 76 28 172 128 220 40 136 52 92 264 36 56 228 92 96 96 116 96 232 288 208 280 80 72 100 64 8 272 104 180 88 8 32 204 216 276 144 108 124 104 60 116 92 16 88 148 180 216 56 52 52 8 80 16 
8 8 64 80 232 312 244 8 20 276 68 68 8 8 116 108 88 76 124 156 32 32 76 56 8 112 80 40 76 164 160 72 84 444 44 116 8 8 224 8 116 64 72 84 68 140 276 88 172 172 68 32 96 68 188 64 196 264 68 68 220 4 136 24 8 208 120 64 64 268 48 140 220 420 204 68 200 148 40 176 88 40 96 40 72 172 40 20 40 224 16 8 76 72 72 72 188 80 76 76 
120 120 120 120 176 176 176 116 84 48 48 20 20 28 48 60 104 32 32 172 220 176 160 20 4 20 20 60 104 116 92 92 184 4 120 56 252 92 12 80 232 148 272 116 108 68 260 64 132 132 124 84 40 12 92 0 64 168 64 136 52 52 12 168 180 108 48 188 88 32 56 116 64 32 92 60 184 160 56 132 104 56 56 32 136 112 108 108 64 108 64 224 12 68 160 40 256 300 232 40 
300 248 192 192 184 184 40 256 212 52 196 76 184 184 40 40 140 140 40 168 300 12 160 232 76 360 120 88 76 116 52 92 184 92 68 136 244 60 152 68 80 316 192 316 120 160 104 104 200 40 184 140 84 8 136 60 148 76 36 148 196 108 128 28 56 100 240 16 16 180 20 28 24 184 272 60 128 56 244 240 112 220 80 212 148 16 224 128 16 112 252 80 128 64 124 120 124 120 84 136 
8 8 124 124 124 124 176 8 136 252 236 92 188 80 168 20 8 160 120 36 8 8 8 28 16 4 4 8 124 8 8 120 64 8 152 124 8 56 120 8 236 4 72 92 56 52 100 124 128 260 84 4 8 36 52 84 84 36 84 40 128 104 68 84 212 76 32 36 212 52 376 84 132 212 136 72 84 68 140 64 80 136 56 40 128 148 168 244 68 24 244 92 84 76 60 264 12 76 12 76 
100 100 140 100 12 264 24 84 76 76 172 104 244 244 88 36 32 32 4 40 20 40 36 44 200 200 20 180 4 100 228 204 120 188 164 104 100 44 96 300 220 152 236 228 112 120 208 100 84 88 20 84 64 64 216 28 44 24 24 120 40 28 44 68 56 268 164 204 320 32 288 48 76 108 80 280 80 80 152 32 320 308 80 172 276 92 220 4 4 168 120 140 0 84 4 4 80 288 80 168 
108 108 0 268 36 36 72 0 128 168 68 68 248 412 404 128 28 28 84 84 100 100 100 100 192 68 104 80 168 68 368 40 96 120 100 100 108 144 68 68 108 92 104 144 92 80 24 52 32 104 100 36 88 56 24 180 80 68 100 120 48 96 56 0 80 0 76 120 56 80 196 108 240 132 48 4 84 176 20 156 380 72 124 4 64 72 72 68 100 128 0 88 140 60 64 20 20 24 4 132 
72 72 100 20 72 144 72 72 316 76 380 72 48 20 24 60 68 4 4 4 36 32 4 4 68 152 92 68 108 76 16 16 68 68 12 68 88 88 132 4 176 132 76 132 188 132 280 196 192 20 176 20 156 68 4 176 60 36 40 220 188 52 72 232 52 76 176 248 324 184 4 20 40 108 64 96 52 52 96 72 100 72 92 204 172 168 120 328 52 32 220 72 248 48 0 116 308 0 100 272 
116 120 116 92 92 92 12 12 12 116 4 116 308 164 68 68 252 112 108 108 108 308 0 0 116 116 68 68 56 76 68 112 188 96 24 172 116 104 220 196 88 204 8 84 128 132 84 140 8 172 216 100 104 204 164 8 260 16 92 204 56 140 64 264 0 108 52 136 52 80 104 116 72 84 128 64 4 36 152 64 20 72 44 196 4 72 360 36 80 64 188 76 104 64 196 100 76 68 68 68 
180 180 180 144 144 108 108 24 100 68 296 68 68 68 68 264 80 140 140 104 128 96 36 188 40 36 128 328 108 240 24 24 116 8 200 24 104 24 72 64 232 200 16 232 72 120 64 24 332 236 240 40 148 204 24 24 24 132 136 56 24 136 24 60 88 24 44 240 4 40 188 112 80 192 4 4 44 176 64 48 4 504 108 4 52 212 296 64 148 188 100 212 52 164 36 104 52 504 220 52 
504 136 132 132 136 132 136 136 88 100 284 468 100 100 60 128 220 220 104 156 100 100 100 212 12 192 0 0 0 64 436 76 88 100 20 0 16 60 92 92 136 84 16 84 96 16 100 16 80 164 108 164 236 68 96 76 16 408 16 104 16 180 16 20 72 84 40 96 304 16 196 16 164 92 228 92 4 428 112 172 48 68 316 108 232 76 64 280 4 120 80 64 16 148 72 148 320 132 44 140 
84 84 84 84 64 120 92 244 148 96 72 48 16 232 136 140 308 36 92 160 308 132 124 132 20 20 352 60 100 248 328 140 152 108 96 140 36 92 144 100 84 8 368 68 164 84 104 104 104 52 160 132 152 0 80 204 124 0 64 0 12 0 0 44 0 0 164 112 96 0 40 244 212 80 144 100 0 12 0 80 44 44 48 148 104 100 0 72 24 128 80 72 100 20 72 116 88 56 112 56 
88 168 152 28 128 28 72 112 72 140 140 140 200 180 120 152 68 80 80 172 172 180 112 180 180 228 88 88 228 44 236 200 116 80 84 100 260 152 176 152 100 284 136 116 48 196 280 100 60 84 152 112 156 136 156 212 92 104 40 176 164 28 212 104 456 72 228 288 56 68 60 180 232 228 112 112 36 152 156 84 124 44 24 100 164 128 296 144 8 152 4 124 88 240 28 56 28 140 28 96 
40 40 40 208 208 180 180 108 112 156 108 128 144 212 96 188 180 84 164 96 96 108 252 128 12 344 8 48 48 200 144 536 236 80 140 36 388 256 268 152 208 92 100 144 84 28 268 180 104 240 124 88 8 8 140 8 104 52 104 100 0 0 20 100 140 84 0 376 52 136 4 412 24 64 24 192 96 0 52 52 52 276 76 0 0 144 20 8 20 188 88 88 100 28 56 16 172 164 40 216 
92 92 136 92 24 176 40 52 344 52 8 172 112 72 72 68 252 112 192 120 152 52 52 180 184 44 44 104 56 68 32 40 8 36 140 72 232 184 72 72 276 24 64 68 92 120 120 160 140 132 96 168 72 168 72 184 44 300 108 20 72 272 8 96 64 76 124 0 76 32 0 32 124 124 260 68 84 264 124 84 64 16 236 232 260 0 272 68 156 252 112 16 96 0 240 132 156 92 36 156 
84 136 104 192 192 80 80 308 8 108 108 180 180 120 196 176 164 120 104 104 112 180 180 56 60 132 164 76 372 96 156 64 148 64 16 92 64 80 72 164 76 152 104 52 148 40 16 204 128 248 40 136 72 36 104 116 32 228 168 84 236 64 200 36 112 40 212 84 128 88 104 268 108 88 20 72 132 76 196 132 24 72 52 136 40 360 52 108 52 200 132 84 60 108 132 20 72 84 100 244 
196 24 240 4 96 84 472 440 80 40 44 44 252 252 68 164 132 144 136 108 204 176 68 68 100 36 52 100 64 96 136 128 52 52 136 232 56 92 440 400 4 48 8 4 240 236 68 4 4 92 224 36 48 112 20 4 140 124 44 36 128 68 108 124 4 36 4 144 156 164 36 4 144 116 220 528 168 116 116 104 84 148 308 72 72 164 104 160 336 180 160 260 44 156 248 80 108 104 124 48 
528 64 4 108 164 164 192 28 252 20 28 188 164 20 40 388 440 196 4 60 60 60 4 56 64 20 200 68 84 124 152 192 68 60 140 40 68 28 80 32 116 80 88 104 164 136 372 144 92 84 32 60 336 104 108 264 100 100 116 192 156 16 236 40 100 0 20 252 0 32 64 20 68 24 68 216 176 72 12 56 84 232 172 76 12 104 92 44 100 208 96 68 136 128 44 124 60 96 132 68 
96 88 100 96 36 108 136 96 128 44 12 12 12 240 268 268 60 60 92 92 32 32 132 200 72 200 192 64 152 200 60 108 40 256 32 32 204 40 40 56 64 60 88 68 204 44 0 64 212 204 84 256 116 132 40 32 68 140 236 4 68 4 124 216 52 4 132 32 32 0 412 112 140 240 144 88 144 112 4 212 96 40 96 4 104 72 32 168 104 104 8 104 56 96 32 8 76 108 88 32 
88 88 112 88 88 84 88 68 56 56 32 32 72 72 84 268 48 48 60 80 132 56 68 68 60 60 132 64 48 260 4 136 220 80 28 176 48 36 92 88 12 76 132 184 128 100 4 36 120 104 108 56 128 32 120 108 140 176 112 28 4 112 48 4 112 136 160 52 72 156 96 256 64 72 104 240 124 92 4 148 108 96 80 116 248 216 0 100 188 120 52 144 104 148 4 0 412 56 276 112 
60 60 76 68 144 152 376 260 132 124 4 4 72 96 4 4 64 76 140 116 124 84 140 120 36 344 184 72 152 112 116 152 140 192 120 28 92 140 28 184 116 120 24 48 16 16 288 72 120 16 0 68 196 88 48 28 224 104 4 172 88 92 124 200 16 56 132 36 184 136 4 240 116 148 4 4 104 232 240 188 20 172 124 196 116 4 108 180 152 88 8 32 80 76 80 4 212 8 128 8 
164 164 124 144 104 92 132 76 268 80 160 128 276 80 84 184 76 188 100 232 112 124 152 64 76 156 376 112 144 116 136 80 104 168 136 376 48 296 64 128 128 100 148 84 92 132 132 96 212 20 148 84 60 60 192 88 152 8 148 32 4 96 4 180 120 236 128 92 4 220 56 28 76 16 176 244 20 48 104 24 116 4 48 40 224 4 216 68 316 116 132 104 76 116 88 60 108 92 40 92 
156 68 116 280 156 156 268 72 84 80 36 36 192 48 4 4 204 224 100 120 28 180 168 56 28 56 40 28 264 204 112 112 80 68 232 100 164 144 108 132 208 176 36 224 72 88 128 176 68 116 68 52 64 76 260 344 16 152 96 96 72 84 16 36 32 148 220 56 452 188 76 128 68 144 100 64 16 240 92 116 128 208 128 112 84 72 84 108 20 108 152 124 52 128 224 4 72 156 40 396 
100 272 100 20 120 392 72 136 88 88 92 120 88 188 272 64 88 88 112 276 128 72 64 208 492 92 88 164 68 120 0 88 24 0 236 124 0 100 24 100 244 72 404 112 92 128 72 56 400 88 0 72 1060 260 32 32 212 396 396 128 84 192 124 188 100 124 88 204 212 100 8 100 176 224 68 176 88 248 140 48 104 76 8 228 248 164 152 112 200 52 192 76 104 88 100 12 136 240 240 72 
288 288 84 260 84 24 288 280 160 280 284 88 136 280 208 200 272 272 24 8 108 208 44 156 92 172 240 92 92 24 120 224 4 4 140 108 168 112 4 284 176 76 108 156 192 196 188 152 68 24 112 112 72 112 140 120 4 52 96 40 152 196 68 8 168 112 0 12 4 96 80 92 0 176 4 56 96 160 80 240 4 164 268 96 4 4 44 196 284 92 160 0 96 136 224 52 44 168 188 112 
140 184 204 204 96 168 48 216 140 228 228 68 180 288 216 172 120 504 372 108 8 108 416 132 208 84 108 8 112 32 88 116 152 84 16 100 212 116 68 132 92 128 136 8 100 76 72 28 36 68 72 228 240 208 120 136 64 116 240 180 136 100 132 116 100 100 80 220 196 68 0 300 48 96 116 120 148 188 64 144 136 96 168 148 56 140 224 192 136 164 32 80 56 132 136 140 128 92 100 100 
244 264 244 184 80 204 124 124 40 64 136 124 212 80 124 120 160 36 4 48 156 24 92 44 84 64 80 152 180 112 196 92 48 4 32 212 64 232 308 160 76 4 224 32 176 112 64 124 104 52 260 88 32 12 216 68 32 28 12 32 68 4 92 60 180 132 76 312 0 132 36 244 212 332 144 156 120 480 44 56 68 4 260 80 212 76 120 108 104 152 124 180 184 132 144 196 60 120 120 72 
12 12 12 308 172 20 20 156 156 124 28 44 44 128 128 232 0 152 32 52 120 36 64 308 152 0 208 272 180 76 96 0 0 0 344 4 0 0 60 16 0 0 0 16 92 416 124 36 260 112 232 236 232 464 80 0 0 144 16 0 0 0 32 144 0 0 20 16 0 0 132 16 0 0 200 16 0 16 0 292 148 92 144 60 116 224 208 100 80 156 180 376 212 28 404 180 224 48 24 32 
388 220 388 196 216 200 36 36 84 172 240 168 76 168 76 164 200 48 8 8 8 8 8 80 100 124 124 76 76 112 44 180 104 144 144 224 224 84 144 88 88 168 76 80 80 196 76 104 140 164 64 148 96 132 132 136 184 8 228 96 84 64 232 296 216 160 72 84 68 80 80 140 88 60 20 96 80 100 72 140 140 196 140 120 72 168 228 16 84 132 224 8 204 24 116 84 248 68 76 160 
60 8 328 328 60 60 164 96 104 48 76 164 24 80 196 76 228 56 60 168 168 168 236 300 40 536 240 112 32 120 120 32 120 152 164 348 284 104 304 232 176 204 204 36 168 248 116 0 276 280 260 208 68 172 0 204 12 220 12 100 212 0 0 248 144 80 0 0 0 188 232 76 0 0 0 0 0 0 0 68 0 0 0 24 0 0 24 24 0 0 0 60 116 12 56 148 48 48 16 212 
212 184 212 108 16 16 16 184 224 0 64 196 172 184 60 164 128 32 312 48 48 80 72 20 64 20 200 192 64 20 20 64 36 4 92 132 132 188 84 100 20 20 248 264 60 84 4 104 284 236 4 4 380 412 4 20 128 64 20 204 20 20 108 220 188 16 92 200 104 132 288 28 32 100 16 240 32 112 32 4 64 112 240 240 112 248 32 244 84 148 176 112 68 176 112 44 32 80 16 36 
0 0 0 140 0 0 280 100 280 280 16 132 212 212 212 212 0 0 280 64 280 280 136 236 120 296 64 64 80 452 180 208 88 76 32 108 168 40 68 68 228 24 128 88 220 168 100 172 260 268 212 64 28 116 104 76 164 164 88 36 248 168 128 60 24 124 108 28 152 64 136 20 60 332 108 160 116 204 68 16 8 16 288 4 184 48 196 124 96 148 4 148 68 8 100 72 120 16 4 44 
132 132 132 124 88 44 44 68 68 12 12 224 180 180 180 268 268 120 120 28 72 84 84 100 120 12 12 96 36 112 100 64 100 156 100 0 176 108 192 64 288 0 228 60 72 72 180 188 260 152 144 116 88 124 140 300 88 44 72 80 192 12 80 80 144 12 104 200 28 292 104 36 232 88 56 60 416 56 8 12 8 164 52 92 8 8 40 8 156 8 8 112 108 92 120 252 12 8 156 96 
308 144 20 152 192 8 208 172 172 8 8 8 8 8 8 252 252 104 220 168 168 328 8 8 120 260 192 160 100 232 96 120 164 60 28 92 160 140 120 164 184 112 184 68 108 472 136 148 72 332 32 56 4 48 188 16 0 100 56 244 16 16 244 152 156 84 16 8 116 292 160 356 4 304 252 16 220 116 132 220 16 44 220 40 196 44 236 152 208 88 152 124 80 128 260 276 0 100 0 72 
252 392 252 184 184 76 104 12 128 968 32 120 120 268 92 56 136 68 92 212 8 56 164 68 152 140 92 36 152 224 96 0 288 204 68 44 288 1316 96 136 268 60 76 204 96 44 76 76 60 120 228 100 184 196 376 92 168 408 156 112 252 220 20 248 116 452 48 4 220 312 124 204 188 124 204 116 220 244 204 148 4 112 120 252 4 16 136 220 148 0 168 108 92 240 172 104 240 100 0 0 
140 352 220 204 72 140 264 264 272 372 96 348 220 164 164 236 236 148 68 188 136 212 260 24 0 80 4 196 92 248 4 0 240 64 192 80 56 4 240 364 12 184 184 0 56 184 400 284 44 424 492 20 20 208 296 48 20 112 20 4 368 196 180 296 128 4 116 200 48 4 168 112 156 4 216 136 244 64 60 80 24 36 48 4 284 128 40 76 76 148 144 40 220 136 80 96 76 28 76 32 
32 32 32 124 124 92 52 136 512 32 32 240 216 220 216 412 512 168 208 100 100 72 252 104 80 20 252 216 140 104 56 104 4 268 76 172 92 40 76 336 372 92 28 124 56 136 232 228 140 44 120 356 184 32 80 128 16 136 108 128 276 296 136 16 16 4 96 128 136 128 172 4 164 20 176 120 164 124 136 24 96 8 192 56 88 120 136 68 64 88 308 124 44 256 116 140 200 476 144 44 
72 72 72 784 60 272 128 56 64 204 392 208 212 268 100 188 188 188 172 156 60 20 156 412 96 96 76 140 116 352 324 112 24 96 24 156 24 24 184 24 84 144 184 84 160 76 180 4 4 692 96 84 128 156 28 340 708 108 0 76 40 180 440 64 60 88 108 56 44 72 304 264 84 20 200 348 20 284 224 8 40 32 324 108 20 0 32 32 16 120 84 240 4 560 40 4 16 124 224 140 
276 276 68 544 112 24 164 24 72 268 196 24 132 88 132 180 24 24 212 232 1212 8 168 20 124 8 268 60 104 132 324 260 148 180 100 8 116 144 200 168 40 264 328 228 4 8 8 8 68 68 24 256 156 96 8 80 156 744 116 188 216 12 104 132 88 68 72 88 348 200 76 32 52 356 160 200 52 252 1044 20 128 68 88 268 104 208 156 200 76 252 72 56 52 36 152 804 56 188 148 152 
272 504 12 604 144 544 272 168 600 20 196 560 196 820 384 80 92 716 4 36 224 116 4 136 340 72 68 88 8 412 576 260 612 16 284 8 340 264 216 128 320 236 80 500 232 72 24 232 208 8 228 328 112 548 372 164 132 100 104 184 4 20 80 208 176 196 528 104 232 4 84 24 12 160 232 132 100 212 220 248 20 280 236 40 60 612 156 32 4 104 252 116 200 224 140 216 132 164 256 92 
40 40 136 36 68 68 684 92 44 44 384 168 392 480 76 72 120 132 128 284 32 32 4 4 136 576 240 384 120 96 116 160 120 252 256 212 108 352 136 108 76 136 16 68 4 200 124 496 464 56 128 560 20 224 72 212 48 84 276 92 224 40 100 208 336 60 36 376 140 92 136 156 192 296 128 420 192 204 324 324 196 276 136 100 36 188 280 24 148 1184 48 72 136 128 56 92 92 152 200 104 
1184 800 32 1396 988 1064 244 532 136 116 36 172 16 16 76 268 100 172 28 68 148 48 128 172 356 144 296 0 616 96 64 652 412 276 112 108 548 32 64 48 228 276 228 584 72 444 44 28 60 60 104 100 88 92 192 140 152 0 404 20 12 328 576 340 392 28 596 144 36 368 88 144 152 164 32 60 20 144 20 20 100 28 348 300 20 20 40 512 28 144 56 60 16 68 300 60 656 232 136 684 
944 244 1356 168 848 32 936 1312 72 212 608 404 1076 352 36 1124 744 752 648 88 176 536 120 176 120 44 1272 1152 48 680 300 72 48 524 76 28 28 144 28 76 76 100 268 392 100 372 124 240 96 400 520 184 0 176 220 0 156 52 64 24 188 276 172 196 0 256 0 56 228 132 768 308 24 344 24 68 108 388 324 112 180 4 108 60 464 240 180 48 148 224 228 248 196 492 116 1336 200 64 276 644 
508 72 508 236 888 4 628 200 84 184 272 364 0 4 4 4 68 808 316 256 1460 116 292 332 176 52 336 336 516 140 204 408 464 128 196 560 336 656 1268 48 396 280 244 136 108 64 540 28 632 64 60 520 76 116 180 272 508 812 476 228 80 216 52 28 260 384 568 56 72 20 280 256 400 152 116 96 16 284 60 196 168 104 104 124 148 44 200 492 160 88 276 28 280 56 264 80 448 360 56 24 
1424 1168 288 564 1360 216 568 392 92 1212 296 596 264 124 20 160 24 476 76 108 140 236 40 40 172 24 12 108 120 336 424 248 852 732 72 128 208 88 556 132 124 64 136 1208 228 732 120 120 2248 152 212 12 72 120 224 40 388 120 200 108 32 56 396 20 120 72 144 212 120 68 120 64 120 64 152 208 48 112 120 220 24 108 256 140 56 192 56 260 148 44 124 240 104 196 100 140 20 196 124 428 
292 300 392 8 176 196 136 168 576 136 56 52 56 532 636 204 204 204 124 124 560 84 48 260 668 88 320 320 324 120 432 924 260 276 596 4 1160 4 4 1312 4 356 64 4 4 60 0 224 8 48 0 104 4 200 4 372 4 184 56 184 4 116 44 244 112 176 216 152 88 1236 104 288 204 156 196 108 232 664 120 104 152 56 164 224 212 256 68 168 8 16 64 84 132 1504 0 40 40 36 124 4 
512 1188 44 264 124 0 128 92 4 4 16 44 4 4 296 4 16 4 340 292 324 4 4 4 212 548 600 192 228 180 260 40 92 612 136 296 84 148 96 112 144 320 180 92 28 560 604 188 20 84 228 216 60 20 20 168 20 96 132 212 200 112 16 204 1036 124 80 504 116 64 60 16 148 72 72 40 196 196 24 60 116 80 60 16 16 16 276 204 20 136 192 332 212 36 84 872 540 36 244 156 
88 144 276 64 88 88 184 28 24 208 264 772 276 36 156 528 160 624 148 148 48 244 4 512 292 48 192 52 244 528 648 852 88 236 4 148 964 228 16 104 320 96 520 68 228 116 28 216 148 168 1248 196 308 32 20 140 332 124 164 60 76 116 388 120 548 1240 76 176 52 136 456 372 196 44 72 220 112 0 552 380 164 820 1076 0 36 1248 180 624 76 40 252 52 136 224 208 828 232 136 84 84 
240 104 160 124 56 84 576 404 892 772 560 108 92 128 240 224 252 36 252 8 8 8 340 652 296 36 36 36 184 1156 260 396 288 664 688 64 160 68 500 484 480 64 32 1348 4 20 144 204 812 32 12 104 500 328 320 152 376 388 968 32 20 92 428 116 228 52 500 60 128 252 216 412 60 0 308 268 276 592 1588 108 112 272 48 156 0 580 0 80 372 1196 140 60 160 840 400 328 72 144 152 456 
36 156 36 36 36 48 24 80 24 580 820 92 820 788 44 568 680 560 132 4 88 116 312 144 60 668 4 4 332 648 252 348 272 528 1092 44 108 628 4 1264 172 664 268 60 312 104 28 60 412 204 252 272 60 68 160 220 28 24 60 212 184 68 1624 248 60 28 64 96 356 568 612 60 36 248 64 676 540 596 596 28 200 108 924 180 60 296 24 36 24 440 1132 40 24 52 64 236 40 116 288 504 
4 4 20 20 20 608 608 608 692 72 112 604 72 4 4 40 96 84 224 176 56 540 152 728 80 336 336 256 1044 768 552 1108 284 384 88 112 68 424 320 140 40 156 156 156 132 4 4 432 52 144 236 792 76 72 236 400 44 452 240 68 72 104 0 232 256 4 4 240 168 584 72 64 492 508 36 140 68 156 476 32 564 588 168 104 460 52 36 32 68 32 12 460 1272 0 848 32 20 104 460 588 
72 116 72 2148 72 164 72 264 208 76 52 48 52 936 72 4 148 144 264 48 212 48 540 596 184 272 136 196 136 4 52 132 96 84 44 44 696 224 196 208 760 488 324 96 160 272 480 100 44 36 72 204 100 108 28 140 1140 1268 676 328 152 404 180 200 148 36 108 4 156 152 36 736 144 300 164 48 128 64 212 48 92 20 104 120 48 120 572 168 20 44 600 92 616 12 44 84 348 380 60 188 
1156 76 548 8 116 192 120 28 28 784 28 260 428 428 300 400 336 676 76 8 8 76 80 104 1540 700 460 52 48 2508 92 24 76 72 144 120 292 720 136 452 292 612 64 692 24 108 304 72 92 68 96 736 100 916 128 8 68 132 8 16 236 72 80 332 52 8 148 484 248 88 888 324 148 240 308 184 136 128 8 28 872 676 56 260 44 104 196 224 40 328 312 156 56 180 1076 456 1188 32 248 688 
1228 504 348 376 508 396 1060 436 56 56 1296 56 56 308 488 144 236 1768 212 372 1020 600 68 516 516 736 92 1044 316 540 152 288 172 128 60 508 656 112 80 52 1136 388 1384 24 24 136 132 36 200 104 388 640 160 484 1004 496 64 1208 432 376 152 460 24 28 416 176 188 28 76 28 416 48 568 2468 52 372 24 32 16 132 0 388 1424 576 732 248 468 24 104 0 0 396 268 1132 16 32 48 1168 984 56 
828 616 304 636 860 536 348 100 328 1000 4 928 376 868 4 4 320 20 20 16 408 2436 312 292 944 120 68 92 336 512 512 324 4 500 80 112 268 172 276 48 24 148 484 1120 24 108 128 48 168 1928 424 252 948 100 708 48 568 104 180 96 56 336 1132 656 680 368 956 32 484 720 152 60 688 400 8 108 1340 260 276 16 476 1492 32 180 1096 100 568 136 56 244 448 80 108 60 152 124 188 272 452 80 
592 1168 228 568 84 304 124 112 712 392 512 28 396 240 364 488 36 8 1196 116 164 1188 56 96 80 704 512 164 36 180 212 84 284 192 44 240 192 120 36 76 60 60 148 192 240 12 244 564 4 4 12 88 60 252 4 16 912 248 12 152 1192 76 268 224 988 96 712 24 160 40 76 32 672 52 420 1292 1280 248 228 52 752 36 88 88 20 168 708 148 228 244 176 348 116 108 108 280 96 80 64 248 
420 420 564 60 628 436 348 188 36 40 304 320 48 620 32 116 744 664 1400 244 248 1288 224 872 224 700 84 116 548 216 136 160 136 272 72 16 380 1008 16 384 600 88 32 56 236 276 56 32 56 32 172 32 32 32 120 200 400 48 0 1336 28 92 32 596 32 48 56 96 272 32 200 48 60 24 720 1184 8 164 156 96 8 244 192 8 28 84 8 704 108 212 28 4 196 124 468 236 828 520 260 8 
2304 64 2100 1236 164 144 140 268 160 840 148 460 72 56 56 60 56 60 36 60 56 200 516 2116 28 432 4 44 316 876 52 172 112 44 4 4 260 4 100 100 4 28 4 4 40 40 608 52 292 332 144 376 212 36 40 60 704 1592 520 200 76 464 60 64 380 0 20 544 44 532 16 92 196 60 260 308 140 2064 660 56 136 484 44 948 108 56 104 256 32 468 524 100 272 1296 144 612 84 1420 152 128 
708 432 28 560 332 404 556 112 96 112 112 212 668 76 112 44 76 40 912 72 1048 84 1312 336 352 304 180 1032 176 96 276 96 284 0 40 8 592 676 860 48 304 152 108 968 1284 812 216 148 144 1380 476 536 96 572 24 240 4 208 232 160 36 236 4 224 216 72 588 940 36 212 944 4 244 104 40 56 180 40 104 176 796 532 108 536 160 288 100 76 1192 40 160 240 132 316 152 40 16 396 272 68 
8 8 452 8 464 484 400 464 1336 404 1116 408 100 96 372 256 260 100 32 1368 720 16 16 16 104 188 16 16 8 8 56 8 152 224 68 1388 384 8 8 1444 128 1580 8 8 8 8 44 96 172 816 16 8 8 8 4 40 328 96 8 548 420 76 264 92 300 416 104 532 564 2788 20 128 364 144 20 288 1208 32 40 24 532 592 56 56 20 260 120 696 24 236 1028 132 276 472 120 272 96 352 1092 200 
1424 68 20 560 452 68 120 120 1736 1068 208 1068 212 1100 480 240 552 32 28 928 324 80 544 516 144 164 688 96 24 28 392 508 488 24 24 356 192 500 1056 380 208 140 40 20 92 192 572 392 52 652 12 476 100 192 104 100 1388 12 152 36 40 40 204 88 68 840 268 264 140 112 16 96 128 320 944 840 80 88 16 660 380 152 100 96 500 948 32 88 176 68 36 840 1184 56 244 232 4 396 52 196 
1264 700 348 1056 64 260 588 288 40 452 1160 476 488 120 200 88 64 508 260 800 900 244 76 120 732 668 588 184 912 224 184 1088 40 572 160 1048 76 404 32 0 240 1124 752 824 276 32 608 104 52 108 360 1232 600 284 28 0 528 192 456 36 748 252 344 88 48 1024 1352 120 100 64 112 212 72 264 204 20 812 656 280 116 68 84 544 32 1140 932 144 172 788 20 68 272 236 1660 24 32 116 152 616 32 
1660 236 1460 28 184 668 552 72 48 48 100 48 68 12 12 640 964 1408 316 56 712 48 48 352 560 152 152 524 392 12 516 596 220 68 268 1012 108 268 32 136 532 728 56 32 108 1200 516 1244 108 1332 208 76 20 20 4 8 1568 1496 292 224 1344 52 324 20 472 20 20 148 408 724 96 84 1120 1304 144 84 576 68 412 176 520 456 1612 400 256 156 156 520 68 328 24 536 28 480 60 144 1024 88 260 536 
540 440 52 648 88 88 56 52 392 56 56 68 56 68 660 116 1372 56 44 112 948 420 72 408 1424 1048 256 520 156 592 76 48 600 132 232 88 104 0 1044 20 44 512 348 196 12 192 772 48 52 680 516 512 264 104 4 404 528 568 2080 88 1288 320 84 492 28 796 32 476 472 300 36 36 92 236 272 600 56 40 124 500 44 32 92 552 2236 4 524 112 28 452 2192 0 272 528 104 4 56 364 4 40 
336 184 612 0 252 208 1312 720 232 56 484 528 128 68 24 128 664 620 68 292 880 492 24 24 128 112 20 180 464 592 588 52 60 576 700 72 1124 8 68 52 72 36 1308 92 424 68 72 540 56 1012 88 168 68 1036 204 196 16 28 668 456 72 68 396 2256 88 1276 16 16 664 16 72 192 500 52 20 336 108 588 24 132 1928 96 624 700 332 156 76 96 468 84 72 560 232 300 1080 564 40 456 136 932 
292 292 280 292 28 88 204 1152 236 1152 1056 216 56 452 528 76 52 148 116 44 84 120 72 368 196 188 312 220 2092 164 296 756 416 12 1296 240 188 992 936 576 112 112 352 4 732 128 8 972 388 44 140 504 104 80 368 1324 32 56 700 412 488 52 112 1112 88 420 584 40 704 140 284 564 24 692 72 36 124 188 52 520 44 120 128 676 48 244 64 1008 412 320 120 80 204 84 132 24 1044 44 252 1288 
336 168 440 76 164 636 248 80 800 256 956 72 4 4 332 400 556 236 584 912 88 84 64 368 796 460 96 304 72 0 0 24 0 900 0 1000 72 528 204 364 192 128 720 264 8 1284 60 4 56 532 4 88 216 100 1436 108 932 56 56 4 140 4 284 8 52 108 368 40 556 112 124 52 176 28 420 432 16 4 28 40 160 28 168 360 28 112 160 36 552 88 424 284 240 780 112 256 112 292 4 24 
240 256 1100 228 632 140 260 876 176 36 96 96 20 84 20 24 384 16 244 244 596 272 896 32 92 516 1412 116 1040 208 912 1324 20 20 1036 1180 216 268 148 244 128 88 964 168 196 32 600 392 580 64 68 692 552 628 104 160 404 504 388 252 0 0 44 20 448 64 20 208 0 1180 488 80 280 64 92 44 76 16 4 0 0 896 24 1072 60 36 80 188 192 276 20 24 44 288 128 24 532 48 116 24 
620 620 60 40 648 588 256 256 24 116 112 44 628 248 556 296 248 28 604 52 100 300 300 224 604 248 264 96 232 232 8 8 24 32 316 316 572 4 236 552 152 60 132 328 1388 588 36 76 72 8 188 260 236 68 172 1424 104 268 472 332 456 0 540 176 124 52 72 380 64 776 112 40 220 228 80 12 12 108 92 0 140 524 288 32 64 20 64 116 52 56 604 28 32 304 128 84 80 204 1132 152 
696 696 0 28 292 576 48 48 48 504 964 572 20 48 1092 100 428 1056 32 704 52 244 2184 556 92 128 260 96 96 304 564 148 484 0 4 12 12 572 120 1304 724 536 8 60 60 168 372 4 76 312 76 76 240 580 252 584 152 96 56 392 332 112 96 268 256 88 76 408 16 540 252 252 4 64 20 224 216 112 88 92 60 60 84 248 60 112 168 688 4 256 668 272 36 0 36 56 768 344 100 192 
60 484 60 440 108 196 12 436 156 152 240 56 460 108 0 0 0 12 216 36 44 516 56 24 8 8 92 432 124 320 40 40 1288 332 624 148 488 60 28 40 8 8 12 32 8 280 1180 156 572 168 164 280 48 440 108 688 668 40 116 352 504 248 1264 80 512 64 12 204 236 1196 96 92 232 0 144 2756 172 512 568 108 372 476 20 88 64 92 348 1464 1288 188 96 64 48 556 32 276 20 4 60 8 
12 1652 12 12 12 12 20 0 12 380 352 352 360 128 356 332 8 212 248 40 460 572 4 4 4 4 432 84 248 212 80 80 20 892 12 100 4 4 144 440 4 4 428 608 4 772 0 4 100 68 416 48 8 208 880 500 524 180 624 316 40 1400 136 608 12 620 248 504 252 208 64 380 952 92 52 968 120 124 308 396 252 72 96 36 68 324 284 136 732 872 688 212 140 52 80 200 24 148 168 68 
572 544 24 40 20 444 20 20 20 20 20 440 48 20 128 304 396 212 600 1128 108 300 76 12 12 140 72 72 1344 528 72 32 244 24 188 824 544 400 28 72 276 212 1280 260 408 144 532 1396 24 464 444 96 16 428 304 44 768 16 560 108 120 512 16 148 60 324 16 48 972 100 548 344 0 204 20 0 16 228 496 704 728 0 0 128 20 0 272 144 372 84 608 1188 12 252 376 220 200 84 528 116 
668 160 176 668 248 420 436 240 1076 300 1008 24 32 32 992 328 12 12 12 12 264 16 344 48 164 316 84 24 24 1376 996 24 24 12 164 952 1396 4 116 32 60 408 16 308 188 160 112 700 128 72 388 56 872 32 24 280 212 392 396 232 536 48 16 640 16 44 184 132 272 56 144 292 96 148 28 328 8 768 708 524 132 40 1424 448 472 44 312 16 12 72 428 472 516 12 24 12 100 256 268 36 
116 116 120 116 116 708 80 88 92 100 100 64 100 240 192 84 1300 24 384 844 572 152 580 1116 128 92 1176 728 36 0 92 4 4 328 1364 296 372 576 64 600 508 436 612 8 0 24 8 732 8 8 136 8 8 28 340 0 8 8 8 152 8 140 8 8 8 96 8 560 1064 40 8 48 12 132 160 16 12 20 248 160 524 20 16 824 568 288 64 116 12 16 12 688 8 652 408 48 20 124 20 388 
68 1220 68 68 252 508 936 224 40 72 20 148 20 36 276 112 80 536 8 36 1492 36 28 536 1308 20 4 308 540 320 32 56 96 1208 28 1596 1304 312 172 200 200 240 96 1472 892 84 48 324 32 32 76 12 16 16 16 16 1288 676 80 32 56 12 1120 232 1088 184 752 0 184 48 52 316 96 104 656 564 1692 724 64 748 188 0 112 0 276 292 388 1048 24 8 320 424 268 88 12 3048 8 104 88 92 
3048 8 24 24 1328 28 68 76 60 60 60 60 944 1400 52 88 16 16 16 16 304 996 832 76 132 96 532 4 4 4 108 300 152 8 8 8 132 556 1180 72 404 104 8 8 8 8 8 296 8 32 672 52 1284 152 144 640 268 272 8 28 196 188 68 8 8 4 4 44 512 672 16 4 112 4 8 200 4 4 192 64 4 4 4 160 456 376 588 720 40 1016 32 448 508 576 84 20 1356 1340 24 148 
88 88 88 80 160 88 88 84 88 1004 64 128 384 408 12 408 704 8 36 36 36 36 76 116 612 2000 132 644 716 80 1304 576 0 36 36 36 208 744 772 276 44 2508 20 64 20 1100 1244 72 240 1088 556 1276 256 52 188 76 160 184 936 380 92 92 84 112 56 68 308 592 40 380 1584 88 1292 260 200 8 100 492 872 1524 388 244 4 4 68 4 68 72 96 208 320 4 152 280 4 60 120 4 4 60 
336 324 80 744 972 1392 236 264 1228 264 76 224 940 88 1080 1200 416 56 168 360 140 436 72 628 384 108 952 432 1172 488 236 484 264 500 204 28 20 196 56 56 56 192 76 272 260 36 84 4 4 492 356 24 4 4 4 200 120 1132 308 508 12 4 20 32 632 1428 12 4 404 68 172 20 28 668 0 4 80 164 516 208 240 8 16 4 28 260 552 196 4 144 124 56 144 620 260 212 8 76 1368 76 
80 80 80 208 396 0 20 216 504 100 660 236 924 44 60 44 764 108 716 0 0 0 40 0 92 468 248 556 220 28 252 312 1496 48 1068 104 804 1940 84 124 292 40 104 76 1092 36 628 88 4 244 500 276 16 2120 128 56 328 452 144 2096 1200 548 220 308 552 8 172 104 112 228 68 76 416 236 248 104 268 164 132 504 168 36 560 264 260 40 28 240 860 1296 64 32 16 768 532 4 184 24 56 124 
384 36 124 384 384 604 68 40 40 40 40 40 1004 136 140 8 160 84 700 268 148 1208 528 2312 676 1428 720 220 156 100 324 604 356 16 1276 656 1180 240 364 8 1292 128 336 352 432 388 8 732 308 1192 448 52 920 192 144 156 352 284 620 3360 56 292 216 8 28 1216 208 100 4 252 560 264 1020 0 144 108 36 292 16 1376 564 360 36 112 656 16 456 4 4 296 72 16 1220 448 116 320 88 436 28 28 
404 96 660 1048 0 560 808 848 1368 12 1364 68 76 24 2372 664 60 12 92 708 228 1332 16 16 0 88 260 212 316 316 316 44 648 20 8 0 1368 8 164 472 780 60 140 0 596 2320 1352 348 88 32 252 36 516 272 188 168 236 548 92 384 76 172 256 4 1036 76 668 348 232 180 48 692 164 116 84 124 940 1552 80 272 4 64 120 388 88 44 36 96 148 36 744 36 36 28 208 340 24 132 36 656 
1052 32 0 1028 1204 1204 864 120 8 36 632 208 940 304 752 84 356 168 28 544 116 2320 524 152 188 256 1124 552 36 72 672 348 100 44 452 1604 248 96 504 96 96 372 776 96 188 572 156 384 72 96 508 52 208 200 132 460 8 228 148 1048 488 700 896 136 972 276 1756 264 352 108 296 32 108 500 320 304 508 172 576 240 104 252 56 832 468 8 200 216 80 716 188 216 488 1464 172 412 2488 2780 156 32 
2780 600 64 1988 992 2780 340 0 112 48 340 2332 516 1604 708 1108 212 464 36 608 1208 948 72 56 56 248 1012 196 104 228 456 356 8 1160 36 1016 1016 60 16 80 660 96 1116 608 236 1120 128 284 536 112 44 144 312 368 164 564 864 964 92 1100 200 1172 136 608 1080 528 104 904 280 184 4 184 196 952 180 1472 160 640 2332 736 164 4 4 44 644 1208 136 20 556 204 492 792 72 108 944 136 84 692 352 280 
1056 332 264 264 532 336 68 220 1392 264 20 20 20 24 128 676 204 672 128 264 264 1188 224 124 1104 136 136 440 112 380 40 484 572 164 44 88 664 1240 2232 764 1280 104 344 612 428 332 72 1068 144 92 260 172 300 620 1324 68 112 100 216 60 284 608 556 84 260 92 224 140 388 872 88 48 536 132 88 140 8 76 12 12 124 124 1348 276 352 112 256 120 12 12 80 116 36 12 92 12 448 12 312 204 
196 580 196 196 28 0 424 272 432 88 892 2780 1056 340 408 1044 260 96 216 100 276 284 616 128 1384 1148 148 1256 1044 336 4 416 3048 136 80 716 148 208 20 620 236 1396 4 232 72 588 492 368 4 620 284 28 232 64 128 96 980 540 72 172 72 532 268 268 196 228 688 564 128 272 244 24 24 1460 1556 400 68 28 228 32 96 72 596 24 592 256 696 260 84 284 1044 84 24 84 68 168 84 728 76 656 
1260 544 340 304 1068 92 80 152 140 560 628 60 504 496 112 1280 280 1144 284 116 100 112 820 1368 140 1004 468 212 60 572 124 260 444 296 1388 200 20 1304 644 8 564 320 128 140 0 1124 1120 1456 1056 0 184 216 368 40 216 1476 104 52 940 868 828 1488 140 100 128 464 876 148 208 708 292 820 296 1340 2044 104 16 1304 24 40 12 12 44 12 12 12 440 12 328 372 12 284 12 12 1436 12 12 1008 12 12 
196 68 1092 116 12 12 12 12 160 1100 568 504 156 252 1312 1104 1132 1312 736 264 396 1008 2232 1108 412 388 72 1424 1368 1636 216 216 1168 1280 844 844 112 556 0 172 512 1604 288 112 112 92 1344 1516 616 172 40 100 268 768 396 144 1128 900 164 204 180 900 392 156 1160 116 1960 204 600 224 1332 148 176 624 912 44 1632 424 412 132 1296 136 1140 544 424 196 44 68 660 300 280 1484 452 76 524 156 168 1356 700 92 
208 2568 296 248 16 592 228 1304 608 256 504 1104 44 248 120 728 264 128 24 48 1068 96 696 404 320 4 60 152 488 380 200 108 288 4 272 296 1256 416 1304 408 2012 688 396 4 96 660 576 68 612 100 504 128 732 72 340 12 1308 92 56 564 840 2220 572 476 92 300 40 20 452 1268 20 148 200 284 656 88 560 776 8 136 788 112 916 192 228 536 4 708 188 568 4 104 32 200 748 224 52 1152 312 104 
1588 1588 260 708 208 808 24 24 24 2288 216 76 100 140 48 512 60 388 2288 1056 36 728 0 1872 884 784 2276 100 200 132 1096 1300 1292 180 1292 596 416 944 56 1208 108 900 1392 2228 176 176 696 212 196 40 28 452 8 684 40 604 168 84 156 268 188 1244 72 532 520 100 52 48 336 160 148 212 80 308 220 1276 992 64 164 1004 8 232 248 1168 28 136 80 520 572 164 1132 1196 972 260 620 28 1324 268 100 2068 
1472 1292 2348 712 76 680 1020 44 968 856 164 1180 352 196 1088 740 600 536 1396 188 556 496 612 1008 212 344 100 412 1168 84 228 304 2628 1020 1016 3060 292 488 184 168 2028 412 4 4 1424 1524 1300 684 528 220 2200 272 328 4 972 668 1420 1072 1320 752 608 272 1048 264 224 24 484 124 232 2716 1448 884 52 256 28 28 172 800 1132 968 132 148 148 332 180 2092 92 1048 8 1348 1356 276 144 40 564 760 44 404 544 896 
888 608 44 888 1228 120 280 124 164 8 1852 252 1852 2284 2112 68 4 4 88 356 20 20 160 16 344 64 2016 16 104 16 272 1364 256 28 396 28 1116 360 28 556 56 112 124 360 52 364 1104 228 168 444 0 692 924 104 692 552 608 500 108 280 1392 184 148 996 0 0 556 272 136 0 932 284 276 1272 112 1152 1216 740 1128 116 112 632 500 228 44 24 48 32 44 2108 1716 8 84 2476 452 1136 112 760 16 104 
2476 608 1488 592 592 40 136 508 132 1380 128 2372 160 876 224 1252 904 268 1432 424 324 1256 40 40 40 60 40 124 180 180 88 1264 12 1452 556 316 144 140 312 16 36 80 840 608 48 448 1348 1232 312 300 1676 1676 1136 32 12 1068 2516 4 656 1212 1160 20 632 128 1348 96 1468 876 1388 248 60 156 1120 1192 152 60 124 44 32 40 216 280 16 1392 200 592 96 556 1016 188 224 868 1532 60 692 208 236 720 156 84 
1056 76 128 100 1136 516 604 88 1480 288 692 160 564 216 724 1804 12 932 1488 696 116 76 240 108 1336 1136 4 264 308 420 52 1444 1104 1428 72 708 708 44 608 96 680 944 4 1072 20 348 4 1072 200 92 552 692 4 528 568 404 24 1364 684 88 44 4 16 2228 92 4 552 88 24 912 1284 992 240 260 24 1212 820 1268 32 1416 68 208 100 604 528 84 2532 24 436 56 1204 368 1328 912 352 548 1304 68 492 440 
852 540 1200 1292 604 1092 24 156 40 40 40 40 116 80 168 44 372 272 1328 1112 700 72 100 412 228 104 28 300 948 804 676 352 768 600 584 2916 136 264 28 1816 0 24 644 916 720 0 32 832 80 148 1364 352 292 24 368 1500 1340 1248 1176 20 416 972 60 552 20 144 532 392 76 232 1500 480 360 248 128 36 160 2940 404 72 188 48 96 1720 720 644 1076 988 1336 568 1128 248 252 32 40 1044 32 312 60 532 
104 1088 52 3016 1440 32 128 868 780 500 312 1392 120 20 20 20 1300 92 1020 88 2340 1256 1532 564 268 1084 332 188 64 56 392 52 780 36 188 692 1188 504 84 1424 160 24 892 124 152 24 1204 80 640 632 12 116 292 1008 64 1244 84 676 88 364 32 1436 1120 20 1932 1392 344 72 48 1620 464 88 624 68 804 236 32 40 216 2300 212 692 1584 332 180 192 400 796 252 24 392 184 600 620 104 972 72 328 276 92 
420 420 420 1020 424 436 792 1492 592 164 152 1304 356 8 8 664 1348 616 80 956 4 8 180 236 208 532 36 168 168 1324 328 340 760 4 580 1360 1132 36 144 0 880 596 1104 92 24 108 2192 32 324 440 44 2116 1124 156 864 1312 1968 968 20 752 4 244 4 1328 192 212 1188 24 44 104 588 4 120 468 1296 688 52 284 1440 176 112 1156 460 2704 40 4 1228 16 80 32 996 148 464 148 696 2192 1608 1364 1288 80 
608 408 180 608 660 20 60 44 936 1524 1336 156 440 16 16 48 492 1564 80 1440 120 120 836 920 1656 284 592 448 20 156 16 476 36 576 1908 32 628 120 1032 1136 1416 1192 120 984 824 268 88 1228 564 212 20 876 1424 360 168 276 684 20 168 544 32 1376 76 1164 1400 592 200 1348 132 588 1280 148 1316 552 1284 20 1236 40 120 220 92 64 236 4 584 88 1028 1036 2036 596 108 240 636 52 432 44 48 72 612 680 
2036 64 2084 1252 1908 1620 528 1308 840 560 752 208 40 1040 1180 232 1028 204 436 268 324 1112 1080 876 1304 636 144 32 232 1624 76 136 576 24 24 148 1008 124 160 292 268 1048 1328 136 40 256 136 60 344 8 620 616 216 2228 120 464 100 180 272 1344 220 328 44 744 192 632 16 1132 96 516 136 1532 216 104 704 412 44 312 732 820 168 16 108 12 1388 168 560 60 132 496 168 1168 1412 584 712 180 80 292 936 24 
408 1928 408 340 36 36 36 36 20 36 1356 700 1232 508 240 1108 624 1424 68 2344 324 248 148 164 144 84 264 2428 568 744 972 1316 84 4 4 128 140 4 292 168 688 560 424 4 248 836 116 448 592 48 224 24 504 864 16 1932 616 56 1048 520 244 724 208 260 84 416 1436 204 96 160 476 588 84 4 20 24 996 24 372 392 1140 64 168 68 276 96 372 4 280 132 800 120 720 504 8 120 1176 1080 1404 92 
1408 1500 1364 580 2308 500 1316 684 776 1316 1352 728 1072 472 68 304 68 68 772 1020 1252 148 148 752 112 132 68 68 68 668 604 68 48 184 60 404 312 644 748 1384 12 100 240 544 60 1284 1224 48 4 12 996 320 164 1936 960 592 96 8 596 1120 176 84 256 444 56 8 384 1356 36 1156 588 1372 96 264 100 1152 904 200 40 712 176 44 1488 316 224 632 448 128 124 1292 64 1028 100 68 1224 1364 28 256 124 44 
1440 736 384 484 1012 76 1280 1020 508 100 556 1380 1248 1000 756 620 8 4 272 1060 168 992 408 8 44 744 2072 276 272 104 80 528 580 208 208 24 672 1256 56 720 68 1156 1296 624 92 316 88 28 224 440 992 28 28 164 936 1280 16 808 156 108 424 608 904 164 84 0 972 1176 280 792 116 132 308 204 0 1408 820 84 80 848 40 656 292 16 564 12 172 348 980 624 208 456 188 0 300 320 48 2324 572 76 
380 1160 88 380 188 672 612 1984 536 1036 56 524 36 168 44 160 600 608 44 1016 224 244 16 40 484 528 556 660 4 148 1364 1480 1092 92 84 84 256 404 24 92 628 64 68 452 304 1248 112 996 1216 80 1212 36 1384 268 196 460 1580 1016 184 1072 296 4 52 48 1452 1324 24 116 264 40 84 24 264 212 708 64 712 12 1420 12 1316 536 1144 212 36 52 1024 12 260 244 1208 20 52 12 1224 1020 4 500 436 728 
60 52 60 220 32 128 128 740 1564 340 1604 476 60 116 512 84 2300 1312 700 660 536 192 184 844 0 332 68 2156 556 248 108 2528 108 1092 24 1100 76 24 1280 112 112 80 0 948 76 976 196 0 0 0 1840 4 412 4 220 4 692 408 4 540 1448 572 4 152 4 144 156 572 356 532 40 1140 244 620 324 68 1496 572 400 512 264 104 180 224 24 220 928 72 132 936 548 24 244 0 168 112 76 280 432 376 
372 220 1316 340 1048 2252 1048 344 2788 240 552 152 536 448 288 1196 60 1332 1384 892 276 456 392 48 640 72 668 624 624 548 120 856 636 316 672 36 92 892 2064 1588 128 652 444 1560 200 660 624 180 1192 204 1124 1208 328 68 40 372 52 48 696 480 28 52 576 68 1068 1116 416 740 44 124 908 12 280 100 820 740 72 524 216 80 448 308 360 976 744 396 116 584 324 656 100 144 268 800 196 164 824 344 760 1592 
732 868 1324 372 380 516 340 972 280 1528 116 1300 188 1248 4 680 568 1452 24 24 832 120 192 156 24 24 176 600 1292 124 1320 516 88 0 444 1412 912 688 632 148 48 252 912 228 428 68 356 4 400 828 4 12 604 4 1212 996 692 228 0 28 4 36 4 304 676 12 1068 236 4 36 36 1428 72 2320 360 4 276 160 56 668 1136 92 36 208 1488 1596 276 2196 420 392 256 836 620 1260 336 284 1416 140 300 408 
328 328 1492 480 60 60 248 1452 68 28 56 964 32 68 0 52 964 228 2320 88 1212 792 92 596 1356 1108 48 996 204 564 4 84 4 12 372 616 160 232 656 24 24 16 1320 28 620 208 84 1000 1012 624 104 708 1108 712 316 912 1792 1336 104 24 2024 4 116 1324 208 404 56 404 596 200 20 4 328 76 428 68 120 204 28 152 332 1032 528 584 48 356 44 28 1520 12 608 12 28 708 588 2288 208 672 72 84 
600 600 1312 204 628 768 196 256 84 576 664 988 164 168 456 244 1464 620 1276 2240 1060 500 60 208 1356 28 2716 368 1416 80 944 288 4 448 104 344 728 56 424 888 668 356 360 252 28 1664 140 84 1352 120 84 1388 1128 776 1284 68 1404 864 800 1064 208 784 92 600 1040 696 316 1152 816 24 40 964 676 1688 72 580 616 324 80 28 1384 496 144 116 1964 140 492 648 20 2536 808 288 192 100 516 580 1260 44 584 620 
772 24 176 200 200 704 28 196 644 624 580 584 2044 12 292 1216 1336 980 1220 1264 604 604 620 72 72 836 48 520 32 708 592 440 108 868 500 216 140 352 620 536 12 276 56 204 24 32 1624 1076 28 24 564 96 536 412 112 56 188 884 20 152 24 1304 1092 316 212 464 452 544 84 12 860 2124 1556 16 1128 660 708 260 572 548 208 324 572 448 180 352 1320 864 468 92 480 48 392 60 676 796 252 512 104 636 
8 244 556 412 672 560 1972 1332 1328 268 300 1628 36 1316 852 2056 4 4 700 1444 1156 1388 176 784 172 100 1328 12 56 52 20 204 1292 1004 1288 664 1524 44 1444 1144 732 76 1048 616 40 664 52 400 1104 964 656 196 1516 396 1440 1788 1008 620 360 508 228 144 416 568 328 284 476 216 160 592 552 680 112 16 152 164 972 216 652 32 24 116 404 48 528 80 472 1084 228 20 36 716 840 80 384 1380 20 12 1208 520 
840 172 52 932 64 492 40 240 468 664 4 256 1456 524 92 1440 124 112 4 20 580 404 512 1056 1056 908 396 1148 40 68 1288 1148 1300 2292 128 648 728 1324 2408 88 688 276 1020 56 32 216 1408 1352 60 876 156 716 1152 588 4 1052 136 872 4 1876 164 308 296 132 568 700 380 84 1032 192 72 1348 524 92 184 596 224 504 996 2356 52 52 972 1156 2740 504 324 0 552 904 764 312 1204 432 320 1604 168 960 576 548 
680 120 556 2008 72 744 1376 1044 1376 364 12 612 344 536 80 8 884 1168 656 1120 1120 1608 1132 1300 384 528 80 140 1340 4 320 116 580 8 996 1152 72 488 408 260 640 1200 208 1288 128 264 552 596 28 204 228 204 276 868 1280 404 4 4 588 88 20 4 204 4 4 396 4 540 20 984 752 752 204 692 388 4 40 496 784 76 1564 1288 236 92 216 616 48 96 64 1084 292 216 648 1188 252 664 1000 68 112 1336 
104 364 820 1008 36 104 960 664 128 4 52 52 112 4 356 228 1368 16 572 600 2440 1140 732 176 288 352 104 148 1312 1260 28 664 504 596 604 1048 48 528 16 1092 204 864 632 400 64 820 232 368 104 1008 432 156 772 528 132 64 884 812 60 1604 568 120 1420 188 812 544 1112 800 2848 356 408 372 608 356 1256 452 84 228 180 700 852 40 20 152 116 88 24 168 212 1360 1120 224 4 32 700 2732 76 164 12 4 
560 192 916 560 252 2732 1352 184 560 1324 364 364 532 628 216 2112 232 184 244 1084 152 60 1032 208 196 80 0 1264 1012 796 1344 132 132 268 652 976 304 16 904 108 8 600 8 976 12 568 1176 200 436 1232 1164 1212 1212 24 192 12 140 104 2012 408 64 616 2292 336 192 28 192 404 392 1256 12 336 188 860 12 152 680 100 620 28 288 608 64 888 1556 4 260 596 156 548 100 184 64 168 468 1128 120 148 820 132 
184 1992 184 1264 308 328 212 4 328 4 140 72 136 136 248 4 4 624 100 76 108 1248 244 720 0 12 116 708 780 140 172 1304 4 152 1224 2856 68 200 1432 352 376 1040 24 76 228 1108 48 716 1144 1024 132 1028 596 4 8 440 8 1456 116 4 184 856 4 1372 4 512 8 2692 24 476 232 12 2352 976 1016 580 220 48 100 540 8 444 400 576 260 60 172 572 656 1168 244 96 320 200 440 24 536 568 1284 1320 
148 88 104 56 528 520 272 1124 252 376 420 1196 360 524 828 72 804 1544 8 36 248 40 1200 124 2620 1024 252 964 136 136 68 1352 112 1528 152 1296 1356 1356 324 1288 576 264 0 0 632 544 80 1384 32 536 52 1120 32 1160 1272 40 1228 1224 0 504 64 308 432 500 636 396 140 316 104 488 104 56 92 236 36 24 548 16 24 56 20 564 1060 424 940 108 556 516 72 1376 68 356 44 1332 68 2968 52 1268 28 40 
2968 208 252 1080 624 28 28 28 28 16 708 1132 652 164 1464 1180 112 72 2340 684 240 0 384 584 412 328 668 720 864 296 204 1168 40 680 1020 884 252 544 352 188 136 1048 32 48 188 240 44 964 64 2624 124 1132 208 16 200 600 416 484 188 68 116 208 84 940 1196 8 20 0 232 156 1400 2304 464 348 1568 1304 380 1948 12 1288 304 680 652 200 860 208 720 732 804 136 4 124 2348 232 448 232 36 40 40 2156 
1324 1376 2720 388 64 1048 584 360 524 296 648 300 380 1548 164 248 68 376 60 32 304 88 88 88 104 296 104 36 36 184 28 124 192 64 64 164 804 612 224 28 28 0 556 0 212 256 764 24 2128 204 4 276 12 40 0 1392 332 308 1268 24 1092 180 140 900 112 956 12 124 4 160 900 96 476 892 972 4 508 24 376 4 648 452 252 456 948 628 1048 4 8 36 88 592 852 960 648 564 20 496 632 80 
1940 584 1316 1080 1460 4 428 552 968 1016 592 64 136 144 2604 2288 1364 356 136 2764 164 1816 208 176 1404 860 28 1552 1104 120 1276 352 172 252 284 88 472 736 524 988 228 4 280 416 244 456 232 220 232 584 200 1304 268 520 168 1240 264 12 904 772 1596 320 4 220 660 108 24 4 200 68 4 276 104 44 228 208 396 4 108 236 148 588 240 4 1076 116 524 172 748 1140 260 96 228 2036 676 100 1268 2588 128 1208 
140 124 140 172 1356 224 236 1268 4 4 4 4 684 256 612 4 4 4 2460 292 256 0 384 1392 172 296 20 20 256 256 220 20 660 2304 140 620 292 428 1380 648 124 1176 168 1264 1084 1340 452 476 116 32 988 536 312 316 1296 904 728 640 40 820 680 272 1200 556 40 200 712 176 140 48 60 272 360 348 272 80 128 280 16 60 1132 1052 40 276 204 208 200 180 20 552 4 308 24 40 236 816 484 4 84 8 
2012 84 544 2012 172 20 20 20 36 20 684 212 368 28 2248 784 264 0 328 516 1352 588 2304 928 8 100 100 1584 120 348 52 276 480 160 72 8 8 476 56 932 16 1380 104 276 0 216 1416 4 0 4 132 48 1300 4 1324 648 2432 584 376 528 1280 320 172 104 104 20 532 552 684 200 20 488 144 236 28 336 12 1884 432 108 224 576 160 488 408 56 92 144 16 244 116 116 24 248 344 636 148 560 84 20 
1288 256 276 240 504 288 616 1040 612 720 340 1312 4 740 1332 188 84 188 92 1040 188 188 612 1076 604 1084 252 28 812 1000 1136 48 176 252 716 592 40 132 696 468 156 860 92 276 156 876 76 520 444 256 1376 544 60 1288 76 432 204 1016 72 600 316 756 456 576 152 848 248 356 228 204 96 464 568 1184 200 844 32 1316 588 460 548 796 200 20 620 876 48 24 20 68 220 20 452 256 144 824 24 20 324 24 
1364 704 1316 1280 1060 12 432 1356 8 700 292 756 216 216 464 284 20 640 1436 580 28 64 300 2008 404 1728 2288 2448 1456 1088 12 444 88 604 60 264 676 564 88 700 52 936 1456 268 1112 108 616 1696 944 52 464 1292 1008 40 844 20 440 628 124 636 172 96 2548 1480 1132 896 24 1776 692 428 520 120 200 2356 1072 204 516 28 172 1368 24 1128 576 712 568 2336 56 32 588 60 2140 552 92 560 36 32 588 88 1228 600 
1328 44 2840 2736 1144 748 96 96 32 104 316 104 44 1360 120 44 56 44 668 1240 12 20 212 92 228 228 880 1136 116 2296 264 68 592 48 1400 2772 1468 1292 804 944 100 84 0 144 1536 128 240 252 636 64 564 2704 68 76 336 1160 56 120 232 56 1344 80 392 284 44 608 372 1100 128 2068 468 4 4 1548 116 4 4 608 1024 148 152 12 260 588 588 120 80 140 152 572 1452 72 532 1300 1364 1308 288 24 8 232 
2912 2912 588 304 560 952 1208 516 60 2316 8 36 1088 424 240 96 696 1196 284 240 1044 32 508 1356 544 196 20 664 2248 1368 1660 8 1188 24 168 168 2144 112 1164 60 104 1508 276 60 824 184 436 736 404 728 1064 1080 20 32 232 92 1348 108 136 1004 20 1540 400 1256 36 80 504 644 840 76 1004 124 76 2340 40 956 28 592 1172 28 648 28 268 324 28 492 528 72 28 1160 204 28 76 28 144 28 312 28 36 4 
28 28 72 28 28 96 28 28 28 28 300 320 136 744 1068 2360 36 1324 472 28 704 528 1432 644 720 256 1184 1040 1384 400 556 2276 512 1516 780 300 1128 560 488 16 16 28 136 48 24 372 84 980 24 232 12 12 140 1208 12 0 656 4 924 32 376 208 12 240 0 1080 524 1108 4 220 28 396 560 316 740 940 324 80 76 1020 4 1168 20 432 68 580 1024 2916 96 80 240 72 772 112 1332 3276 1244 120 500 40 
3276 8 692 1956 1320 704 384 4 4 4 4 1996 208 36 208 692 1432 2168 1392 24 704 40 60 2748 1056 424 1252 1416 804 216 80 24 384 1392 224 376 2432 232 976 688 2004 1208 1116 76 1904 148 584 84 72 812 240 1268 496 144 252 84 88 1496 2616 224 24 72 104 344 192 804 512 28 652 388 352 656 1308 52 812 680 40 20 3004 108 828 328 96 28 108 2732 20 1172 20 40 572 112 20 604 56 1212 1036 704 64 196 
2024 220 2024 64 452 96 972 1652 36 36 376 36 72 2324 44 16 944 908 1308 988 212 1284 1396 580 2860 392 1280 236 588 84 592 4 16 720 632 40 1036 44 44 20 20 960 108 476 248 1164 4 332 1488 732 2852 1288 224 1248 104 172 92 824 1464 496 1276 696 8 0 120 104 300 116 340 104 0 52 2284 864 636 440 2012 560 92 1048 240 192 944 1364 1540 276 192 1160 340 896 36 708 48 84 112 568 132 228 488 176 
204 204 280 216 92 528 60 92 2352 1028 1464 896 196 180 52 204 1092 1488 348 1168 4 2040 1092 828 692 252 0 52 16 108 2088 8 744 624 268 8 8 1412 484 56 228 2064 1180 84 84 784 696 744 924 4520 32 964 1408 2112 4 280 904 824 4 4 2984 1100 584 304 680 1068 96 20 816 96 748 1216 532 104 680 80 28 624 344 212 132 188 140 1328 1232 2448 528 40 532 2328 60 52 1312 40 360 160 24 40 92 700 
40 524 40 40 1336 1716 1400 232 88 4 1260 1368 1204 200 2448 900 68 4 4 496 384 556 1092 124 928 288 32 1060 2504 36 12 1252 324 88 564 40 2628 2492 376 12 1724 200 56 40 648 372 1216 868 988 1264 700 2652 520 2236 1720 232 920 100 44 1752 12 80 548 224 384 2040 140 12 612 352 124 76 28 28 28 28 532 20 32 516 256 28 992 1216 184 340 532 1124 728 28 112 872 2468 2276 728 844 1232 1028 664 552 
1244 2296 1376 132 20 20 1260 1340 1352 2200 2404 1592 1344 2040 1568 660 472 2384 1180 136 64 20 20 20 152 1108 20 20 288 2424 2180 2856 760 92 36 36 184 692 2332 632 1420 32 1308 1084 1224 28 20 416 428 2028 1364 20 1300 160 1344 544 232 32 580 1372 388 2308 24 16 252 108 20 220 1440 1288 820 80 648 40 508 664 56 2444 452 688 220 1084 192 1280 24 1308 340 256 36 124 76 12 44 1136 728 324 820 1324 232 636 
684 2744 572 248 760 116 1316 1448 584 12 212 732 432 1436 584 96 84 1444 52 52 52 820 72 2300 1032 1304 164 1428 868 1316 2132 636 1120 880 444 516 8 988 492 40 524 4 136 1004 1128 32 1380 136 788 980 72 52 180 364 1192 144 72 144 1112 84 1140 672 960 2084 244 220 1484 1440 656 756 208 28 492 592 492 540 96 3008 696 604 88 116 8 292 564 1288 1272 1260 2728 1460 496 216 64 812 2280 116 696 132 236 736 
1484 244 1176 1472 2172 2416 32 536 96 664 2508 172 572 416 704 1836 2176 12 12 620 492 1392 996 1320 508 328 1660 780 1312 2088 1244 64 1292 188 844 264 1404 1464 976 1408 528 224 592 1304 660 276 80 592 692 568 36 96 1716 1108 1412 1548 128 688 68 1048 156 404 408 24 24 24 76 556 24 228 288 24 584 1184 24 0 4 4 1348 92 4 24 0 96 1348 24 524 1360 228 24 676 600 4 752 208 1300 8 796 2396 140 
2444 116 2444 208 308 1064 572 2396 1536 208 1320 1592 1104 1352 1388 1708 600 292 3044 2912 72 72 72 332 84 1324 24 1220 1048 28 24 436 568 2316 2292 480 72 72 1736 812 244 2192 1268 1680 608 24 460 324 716 236 52 396 1008 1416 1336 24 288 88 556 24 124 420 40 1436 172 32 60 212 628 44 1820 276 936 44 596 676 924 208 572 2204 788 68 568 140 1408 1484 588 908 108 24 1248 952 36 40 1116 140 72 652 176 184 
1576 2336 40 0 40 40 40 28 1232 2588 28 28 104 1248 256 1120 40 2092 96 2332 40 40 68 120 136 500 608 1508 1928 1480 612 288 2316 984 164 764 24 816 68 336 620 432 2300 880 3056 1520 1052 8 4 604 992 1404 920 1584 12 1208 580 1156 304 36 700 1140 32 504 96 3140 1316 552 220 1432 268 708 36 1336 2360 1580 68 824 188 528 888 844 64 1304 576 24 156 24 12 24 4 320 268 4 208 16 384 872 340 300 
492 1016 164 2672 1292 592 148 584 60 816 60 900 900 900 108 2168 1540 32 60 112 968 412 1188 1052 512 1992 240 1456 624 1516 320 40 20 48 1104 56 144 540 560 648 188 1568 80 80 276 32 2868 1480 1240 368 812 60 40 1628 448 4 1084 500 576 904 64 396 168 16 1332 104 136 152 456 1028 1712 264 660 1156 264 16 36 208 672 560 44 68 100 1076 1328 260 296 272 68 488 360 644 1300 172 600 924 2188 664 1592 920 
2240 252 308 2240 1196 68 708 536 672 304 580 308 44 1132 1312 4 536 2880 100 2032 92 484 2060 12 12 20 112 12 20 1184 132 1184 36 12 12 1284 1036 20 12 620 1576 816 2324 84 1436 32 480 252 684 72 552 1288 244 1120 1024 172 128 1352 108 2420 400 104 1676 448 408 116 36 20 60 448 176 96 96 2488 1116 12 1736 512 2300 8 24 100 1332 1408 636 96 72 2616 48 668 128 24 392 216 564 672 0 36 80 2912 
2912 2944 560 3120 108 640 976 1752 32 2396 1296 1428 1632 1900 708 1432 708 1520 120 84 2204 1432 924 2240 1396 660 376 584 572 216 244 220 312 260 884 760 1124 160 388 1256 2032 20 20 4 36 2936 972 72 544 488 1320 68 1300 100 252 92 104 220 552 2340 384 156 12 1112 1148 1520 2340 108 1432 144 504 108 32 720 260 2460 96 1372 200 64 4 360 36 32 360 1284 104 20 1024 4 3172 60 96 1164 660 1312 24 76 720 664 
564 64 12 1380 1308 1332 92 384 52 524 1364 8 8 8 8 196 360 2492 200 20 244 500 52 1496 1480 128 12 2360 8 84 180 272 452 980 464 92 872 3092 1148 1032 20 1556 1584 120 2080 528 24 1108 1852 524 680 240 1084 1424 848 20 364 8 248 504 1756 88 700 516 824 80 1152 24 112 1148 1412 20 696 1316 24 28 400 248 1348 1116 16 56 1312 16 208 16 348 568 1296 136 1412 1156 684 260 1376 1316 88 112 976 116 
1380 1288 1260 308 28 624 1420 16 896 484 312 812 1024 616 0 32 32 32 112 116 2908 1628 644 228 632 104 268 288 512 140 2580 436 2828 1308 1384 416 1356 4 704 644 4 0 48 656 388 2440 2068 120 972 24 72 420 8 1096 104 40 40 356 40 556 220 572 68 444 88 40 1372 276 156 1116 336 876 656 96 640 92 44 1028 528 12 564 884 1320 1612 912 12 12 516 1624 164 696 3032 512 12 12 1196 12 108 956 1364 
1132 404 520 1132 76 1408 104 48 108 3080 368 836 1324 376 1400 168 76 116 116 272 2352 4 684 72 676 188 888 88 488 112 1236 1392 608 2980 344 328 20 20 1208 840 72 72 16 76 20 440 20 1496 364 24 100 16 24 580 312 568 1760 832 88 40 136 92 684 456 1384 1396 44 388 4 876 2336 580 304 68 1564 2400 68 656 232 252 100 36 164 1336 40 2432 132 1232 136 136 1224 432 2016 1756 1128 1528 240 432 40 240 
1152 1436 1320 660 164 1048 1288 588 180 1164 80 56 92 2444 92 748 2436 2264 1124 956 2052 1356 784 176 268 1712 1404 0 0 236 24 16 404 76 76 896 24 32 32 100 1196 1044 652 440 232 1328 504 1496 480 172 500 152 24 1284 1288 396 568 2872 584 1812 108 172 148 48 152 48 48 876 616 512 2920 1268 1312 572 728 48 1656 24 196 0 20 2572 24 8 1100 24 116 728 384 196 436 1128 176 60 140 648 12 1428 1180 16 
344 120 4 344 140 20 1228 1328 1328 1396 776 1592 1352 76 1376 88 684 1996 68 388 800 220 128 172 276 104 568 908 1152 168 28 848 228 40 1424 120 1400 728 2320 1896 580 0 28 92 2332 1136 580 52 1284 880 584 84 28 68 2324 60 228 624 1160 584 2452 1348 100 84 1048 1504 1152 16 44 2268 1372 472 760 20 72 480 2188 536 20 1356 764 292 1044 32 1324 24 56 196 12 40 156 104 76 2276 76 596 24 504 1364 252 
440 668 996 24 372 44 168 132 236 56 480 584 1360 1576 68 276 1220 904 212 364 556 60 600 1472 880 2772 80 68 72 36 616 400 628 132 984 632 460 336 384 148 28 952 764 1400 1252 2500 2060 12 1140 12 1388 1340 20 224 1188 12 20 264 208 620 804 736 2028 2512 644 1016 108 484 152 612 164 24 260 2664 1440 20 32 48 20 64 32 424 1024 600 2752 32 992 1112 508 1104 284 824 12 1000 1028 404 636 1344 828 1308 
708 12 124 708 2132 24 24 160 16 16 140 1188 36 1772 408 116 1524 720 880 1640 16 16 880 48 376 1196 532 524 1312 1400 704 1012 1156 32 116 440 1484 1332 2600 680 568 1596 612 1100 628 3316 600 1116 40 364 1036 624 184 72 628 12 1276 160 704 436 1328 520 216 1472 28 408 224 28 20 28 8 164 712 532 164 408 872 72 28 32 8 256 1300 32 20 992 160 1252 716 60 344 8 32 32 128 928 20 692 812 40 
1420 104 1144 1472 712 1212 1320 392 104 2336 120 32 1132 1548 416 44 44 1312 44 912 824 20 20 724 96 1344 1808 996 1292 612 132 728 220 1444 668 616 2056 1852 624 1612 616 24 24 1308 640 396 620 1336 184 208 552 604 24 16 192 2344 384 124 16 824 1324 668 3016 292 192 428 1048 488 1196 236 208 44 96 160 1608 2420 1448 704 144 2316 676 1340 2692 1732 440 1060 44 1068 44 44 88 1364 36 376 324 384 540 376 4 576 
4 4 4 4 268 288 384 2176 1380 1460 84 56 12 1380 668 8 28 28 2356 1368 1416 516 660 20 20 120 120 104 1092 88 24 252 44 24 128 24 20 460 2376 80 24 24 572 1488 24 224 1440 92 1120 2792 24 232 1160 1084 8 228 40 648 132 276 584 24 924 216 720 40 1056 44 1224 2408 284 348 936 120 1036 32 1200 1460 1164 2008 2176 468 732 20 60 1304 24 20 552 324 2136 100 440 1264 1376 148 120 1296 1180 732 
256 256 256 256 1132 1308 1356 1536 548 1396 56 392 1612 32 2368 2472 1028 3252 168 1320 696 100 332 1240 724 8 8 96 744 2620 1024 64 8 588 1812 76 40 1540 24 212 2408 8 36 128 252 1004 1188 196 1764 668 276 220 816 8 1324 1228 68 392 1228 1244 384 32 84 84 72 1868 2368 680 620 1300 1308 160 1024 72 3036 144 1212 156 28 1084 56 36 1392 1384 440 132 84 16 28 196 4 48 196 12 28 1340 56 108 508 592 
760 8 1500 28 1816 132 260 48 748 1340 288 56 56 56 64 2932 316 772 528 772 56 1232 56 1336 44 12 12 48 64 32 576 80 32 24 1060 1496 1324 1576 1160 20 576 1056 104 528 252 1376 556 716 792 136 2404 796 584 4 144 1268 104 588 116 112 1292 88 520 772 1632 1464 1000 172 1492 52 548 224 32 1272 32 1056 140 2780 1012 1400 32 88 344 1728 268 20 444 96 552 20 92 40 2800 16 1488 148 16 380 12 652 
1280 448 380 1460 8 8 8 8 2480 184 1036 1420 1300 2372 1476 8 8 644 1000 1332 72 244 960 908 1008 540 44 336 316 1620 656 108 2172 2348 1288 152 616 204 108 744 148 316 672 1596 44 2776 1304 808 672 672 44 4 352 944 84 136 28 72 876 724 996 724 540 108 1300 4 20 16 1144 836 2416 44 764 784 80 1300 112 288 128 20 2000 0 1036 700 60 188 0 708 1188 2408 52 1300 944 40 24 24 1036 2060 68 1044 
564 1052 1340 52 2744 1968 1256 216 656 1384 504 72 684 20 896 16 320 1540 0 856 1460 4 4 944 4 1356 1116 128 48 1876 1200 28 28 728 28 660 28 1176 704 2224 2444 488 28 556 4 604 1168 1296 1336 1340 128 1140 36 64 24 0 496 1352 0 120 336 1188 468 592 372 2244 600 1080 40 208 4 1392 16 2220 664 1608 960 1320 72 284 152 1092 1368 1100 388 680 16 540 756 484 140 580 1524 324 580 72 784 80 528 12 
1304 32 632 484 1352 484 156 552 28 148 996 2792 28 28 1364 76 228 580 56 24 12 1420 1416 40 424 1288 44 96 52 44 920 12 4444 472 416 1440 12 508 152 12 88 36 144 12 96 600 1348 1240 72 1584 60 708 1232 628 700 1056 124 4 64 728 224 432 108 512 116 1244 1460 56 4 1376 324 132 1336 476 96 2336 512 2324 0 16 336 708 8 556 20 340 220 44 1156 152 1348 96 2164 0 1272 536 28 264 1408 1240 
1064 124 28 2332 880 2464 1208 252 2168 812 20 580 280 312 1056 616 156 536 620 348 488 56 64 56 1168 28 1444 324 1392 728 2328 1104 712 36 168 196 52 24 1152 2628 696 1076 996 776 1440 24 1044 600 1928 1332 28 8 540 540 1000 1356 2128 1196 332 1128 440 236 80 1976 2728 1328 1356 1096 0 2172 460 8 844 1728 540 1472 88 192 488 40 1040 192 212 188 2612 1076 68 2288 76 560 780 16 1396 1388 1056 868 856 1732 836 16 
528 1360 612 2576 696 80 8 8 8 32 24 1372 8 1072 2280 1052 628 24 1136 8 188 20 744 8 8 48 68 148 44 4 8 896 1172 304 444 612 216 20 680 128 624 248 1140 1052 992 2412 28 1028 1376 780 1192 216 708 1024 92 1596 2068 40 4 1336 316 1372 2132 2612 2412 108 456 1332 432 216 1108 252 20 480 2324 24 108 1312 120 632 572 312 1472 364 2072 20 32 24 1188 1164 2324 28 588 28 2892 1520 36 2912 572 292 
1364 116 252 728 1220 120 580 292 72 180 1440 20 44 520 1028 1292 40 720 240 32 48 1256 2464 2040 964 52 2028 1504 40 3136 28 28 1272 352 352 36 76 580 900 1852 12 40 296 368 12 600 1572 1404 32 52 1324 1924 288 1456 32 1204 24 24 112 12 56 2552 24 