92 32 92 28 112 4 36 196 56 60 540 4 60 20 4 56 48 20 168 0 4 60 312 176 20 20 8 188 96 188 64 432 4 28 0 236 8 56 8 644 296 56 16 0 56 324 -1 248 -1 68 168 4 156 4 52 120 0 4 52 4 0 16 -1 160 0 228 8 340 72 8 0 4 60 80 36 112 28 36 0 60 52 964 24 4 0 20 252 4 -1 36 4 164 128 176 80 8 68 88 4 0 
180 180 260 180 136 408 200 200 1016 200 40 484 108 360 60 156 72 80 180 84 84 84 56 56 56 48 496 964 68 416 128 284 208 204 156 224 584 584 96 108 284 136 24 140 40 44 276 432 356 260 256 232 4 180 20 380 832 152 180 8 4 248 80 112 12 60 24 20 84 20 152 28 260 68 88 60 220 100 292 0 168 36 20 64 20 216 548 36 40 8 100 24 28 68 20 68 24 20 108 264 
368 368 368 368 368 608 116 396 420 468 144 260 208 28 412 196 100 328 100 100 628 664 664 1056 432 20 256 84 284 416 196 276 1576 436 392 80 24 200 260 236 212 256 108 348 148 156 208 356 136 268 336 80 4 108 248 1508 288 1508 80 336 20 232 52 656 68 132 972 64 16 744 64 340 596 252 448 80 552 304 220 152 72 156 76 184 72 232 216 28 252 48 20 104 124 152 100 136 160 72 156 204 
452 452 452 452 284 452 536 388 204 564 560 560 208 560 152 352 336 780 580 120 672 616 508 588 264 832 72 256 120 72 1132 292 552 436 452 432 1112 124 188 144 164 232 220 524 188 320 440 532 532 220 160 484 92 92 264 208 152 572 432 52 96 1084 100 208 228 304 428 576 116 224 176 240 1044 436 24 148 828 248 212 208 728 252 836 188 64 20 68 232 72 388 320 92 60 132 288 72 60 188 984 168 
876 484 160 352 660 272 464 464 312 100 540 264 264 148 356 284 332 120 260 296 260 172 60 560 432 544 228 832 20 4 364 580 124 628 60 72 328 160 624 380 244 72 596 208 396 496 316 708 256 364 616 324 804 260 320 80 56 80 224 60 196 196 128 532 164 280 240 156 884 272 416 356 464 1024 468 480 72 112 404 72 444 452 332 260 1176 1352 760 76 140 52 604 160 220 168 96 136 420 376 168 156 
1016 456 400 728 268 836 116 296 356 760 80 64 264 224 108 856 272 352 328 372 432 660 704 292 260 244 548 132 536 240 272 272 64 660 224 236 320 248 172 108 536 224 60 792 612 36 192 260 396 300 1024 272 304 140 240 292 572 332 72 244 224 288 164 216 120 152 36 36 216 152 112 80 136 144 164 56 104 944 220 220 60 100 432 252 152 528 208 628 540 560 556 4 252 276 280 420 1172 12 288 1260 
1260 1260 340 408 404 264 592 116 1528 68 468 472 216 744 604 532 248 248 100 256 296 296 552 552 308 324 1324 168 276 400 288 988 4 80 248 108 776 312 216 180 276 872 696 992 128 284 276 104 352 832 104 192 712 72 492 376 364 272 420 172 300 260 1652 100 136 228 728 292 616 100 156 196 488 1292 400 504 168 208 152 116 520 136 96 116 620 108 448 304 1356 1004 372 152 432 80 396 328 708 84 352 108 
884 200 884 188 24 8 64 1660 696 264 460 380 760 940 128 532 532 508 552 552 552 264 1440 24 748 24 124 492 420 276 116 1108 568 76 224 412 232 188 188 28 544 524 100 356 176 856 136 664 188 320 536 212 304 332 204 88 264 352 60 60 108 68 164 160 688 100 444 220 416 212 760 420 732 264 596 196 92 232 632 536 400 152 604 696 788 76 360 232 188 604 372 688 268 240 376 620 204 400 312 268 
208 172 844 280 1480 892 1372 856 644 252 252 1228 544 520 748 280 240 236 352 960 3204 112 508 608 108 140 428 476 280 208 384 160 336 132 148 132 848 672 1368 116 284 352 592 336 352 412 204 140 264 484 256 208 660 212 432 104 244 244 864 148 76 632 200 200 84 300 96 176 296 80 84 536 204 1260 320 144 428 280 192 72 760 72 548 576 300 616 48 796 592 472 104 332 272 136 692 368 224 160 156 228 
264 92 704 284 320 724 120 108 1820 4 1444 1084 192 268 156 216 500 120 544 224 476 628 192 1148 92 136 268 572 732 420 2060 8 484 1468 172 528 312 476 528 112 2716 80 444 356 432 168 720 384 556 560 392 644 308 168 456 196 432 196 228 428 984 80 104 420 220 156 72 284 536 340 168 80 196 328 364 348 248 120 280 224 200 224 260 324 324 292 108 56 352 500 568 116 652 24 60 1272 300 136 532 1084 
296 508 1004 20 104 236 1164 2148 1736 524 1420 688 836 304 216 320 264 120 1388 204 400 320 516 408 200 104 2984 692 236 916 1192 220 188 824 2240 64 584 492 76 480 0 220 380 448 324 208 996 64 728 724 160 68 272 276 572 252 624 716 256 472 12 512 420 148 444 440 108 1040 108 312 616 148 216 428 132 216 656 168 1068 80 120 460 436 92 608 892 164 604 556 320 40 140 148 104 916 236 392 528 296 1276 
1072 704 504 160 76 772 516 516 1492 1320 464 600 604 384 104 104 100 280 1168 320 128 264 12 288 124 124 312 604 372 1484 56 480 24 308 292 432 132 716 112 304 280 168 1384 184 480 112 272 696 104 596 688 116 152 4 24 24 396 364 280 432 464 328 80 552 1644 644 136 160 320 108 492 440 240 172 184 2440 328 448 1088 192 704 72 492 100 300 348 412 380 212 684 372 196 752 44 204 1796 240 368 240 524 
312 296 564 296 296 80 44 144 24 724 724 60 1072 36 100 336 324 776 1608 1708 620 2124 676 2012 716 1728 2592 120 612 232 40 380 548 336 828 684 240 172 308 1408 88 1032 420 212 484 276 112 184 572 1092 560 88 1224 1608 544 448 84 140 396 452 244 176 84 192 292 1224 484 224 560 1340 1604 120 216 256 220 368 144 136 1408 140 540 360 1320 240 100 28 400 596 168 184 416 472 552 400 636 240 196 224 392 184 
1516 464 216 100 1872 536 1320 428 1748 20 320 1320 624 2732 688 1164 212 644 1368 1604 528 848 392 408 408 536 136 740 1424 1032 1328 1788 768 88 932 1052 404 344 592 156 368 376 112 132 680 1328 120 208 432 3280 224 408 136 1128 604 388 404 1596 1740 72 296 268 720 12 492 432 1468 364 232 396 80 924 264 132 280 624 888 296 160 96 688 452 80 232 224 60 516 52 200 232 116 624 108 568 176 692 344 64 672 712 
1904 756 1904 132 1616 364 1948 576 1484 796 1044 1324 712 592 860 1120 116 184 564 564 1328 60 888 60 440 596 2148 264 932 60 484 296 584 44 20 1964 196 784 36 232 156 832 64 324 324 984 496 120 84 748 840 452 76 356 640 980 340 348 1460 620 712 68 968 124 388 1164 584 320 164 248 928 144 348 1736 4 548 528 524 560 132 528 724 536 100 108 656 240 1276 296 0 140 132 556 548 228 1156 2176 88 1256 556 
1356 776 1356 64 64 64 3088 632 20 864 1452 1292 28 1112 188 180 136 592 916 916 2884 256 940 940 44 420 236 1068 412 620 800 52 372 88 504 188 668 844 576 2628 536 1404 224 212 1464 600 416 2580 92 148 196 124 928 224 420 376 120 588 76 200 424 376 148 348 228 160 304 64 460 484 12 288 48 76 384 300 1260 424 24 400 732 1328 200 76 756 328 924 140 60 1104 724 136 288 936 308 560 188 996 216 236 
1124 1104 548 1424 92 984 380 552 96 240 1000 564 324 1996 2284 188 68 184 8 160 124 1704 272 468 352 24 56 56 1584 1068 2364 2444 692 152 136 700 1608 64 1400 184 332 400 108 768 2140 1140 400 132 20 404 688 944 500 92 584 416 108 168 572 4 736 1604 56 276 1124 928 448 248 264 460 72 688 736 128 648 100 172 144 40 192 188 188 48 560 1176 132 684 748 312 612 64 272 1440 320 1380 328 1004 132 416 88 
4 636 4 68 168 168 168 168 760 760 2224 152 180 68 732 132 108 1564 676 752 456 252 60 268 116 20 104 20 1176 984 1024 492 1340 328 452 300 0 3168 208 116 1256 520 620 152 520 128 1100 568 252 1420 100 556 840 1484 108 224 952 204 480 160 248 552 1104 712 92 836 784 1480 16 628 232 372 320 316 524 748 280 240 132 260 136 572 1464 168 556 72 152 148 92 736 528 4 992 1984 20 420 700 100 76 2716 
2236 1012 148 1208 500 452 544 108 108 876 1268 200 1472 72 1336 420 244 2384 272 200 388 192 240 84 84 760 896 856 164 964 580 1948 224 24 384 824 356 208 1284 1480 56 216 64 648 236 492 12 3036 140 456 700 208 5940 572 656 72 716 340 812 184 748 236 180 568 28 160 1300 88 508 588 1232 1584 188 440 924 744 496 2100 132 72 416 344 24 1672 4 1760 84 288 668 700 100 576 1108 136 236 152 252 68 2632 112 
2052 2052 1268 412 752 152 152 164 8 480 1076 704 4 240 312 144 1512 532 1276 200 260 2508 112 496 708 708 740 160 80 488 864 1008 252 352 2124 468 272 828 940 228 124 124 128 104 152 1116 664 500 1644 392 160 2236 196 24 8 88 220 1208 396 168 68 1156 1624 380 768 376 900 100 1980 696 984 80 2872 644 888 240 36 56 232 260 1560 448 744 16 160 196 1032 424 188 284 444 76 316 196 116 212 76 728 116 184 
1412 1068 36 2020 156 668 880 836 1436 452 1124 1048 148 112 1012 824 3508 1140 1464 1728 76 1380 2172 1008 988 516 516 400 1248 692 1524 272 12 764 392 884 264 1168 312 1776 892 1264 1256 1620 392 100 136 492 440 608 332 328 1244 1416 308 600 336 276 1524 136 472 16 452 24 140 672 1104 252 1344 592 452 2100 72 1024 240 528 980 1120 576 276 420 632 108 144 528 1284 1556 156 1672 76 440 20 40 660 204 740 624 1448 364 104 
680 1552 708 2700 0 720 532 224 204 336 96 100 12 1160 736 1964 1680 1680 128 76 748 1500 120 724 872 660 1328 100 1632 56 884 5600 864 516 244 248 592 736 568 664 1212 628 68 492 748 3132 3132 232 1500 1280 488 352 92 1180 1436 68 164 584 56 88 36 788 1512 36 1068 432 1656 1576 716 280 1560 1600 2048 1228 80 188 632 368 760 616 560 120 1608 20 636 400 104 124 56 204 528 868 284 200 308 1256 396 1308 652 136 
756 552 552 552 68 68 1408 108 12 160 132 372 768 116 772 684 156 1364 952 1604 736 72 1436 1488 452 720 812 852 528 1176 200 48 800 80 296 1440 1716 640 1540 152 1620 2232 272 456 948 852 1620 1888 80 2332 636 92 932 52 1184 1012 68 108 1020 2224 140 204 1008 1608 396 204 1348 472 1096 792 612 704 24 660 340 532 208 1076 408 684 500 40 2324 264 1028 1308 1144 544 416 576 76 112 1524 180 1760 48 996 644 68 20 
260 812 1476 628 340 324 24 2560 604 148 2204 2340 364 1676 972 812 92 1884 1572 2040 44 2452 1116 208 500 592 600 1196 668 632 148 52 1284 484 1484 668 1412 792 60 1116 420 228 392 384 396 1136 1008 76 672 112 64 296 428 88 1476 576 236 628 268 48 200 228 1600 1412 2328 700 764 552 1600 632 260 116 2212 492 4 308 152 684 128 1452 284 524 1196 576 1212 668 2008 1312 88 776 36 4552 148 2056 1168 256 1420 204 32 688 
1040 236 2664 896 2012 528 1600 32 2052 1080 108 292 624 384 40 496 1684 908 1344 144 1412 2732 576 1320 624 16 128 16 1612 428 1080 2560 948 912 1568 20 548 20 144 160 1528 848 636 204 136 740 788 308 4 244 408 1596 148 1652 252 972 912 740 564 1556 1460 508 328 36 1404 568 2268 160 300 100 404 200 16 296 220 84 736 248 704 1496 40 1184 1200 284 1188 744 1144 1332 772 984 232 20 1000 88 504 524 248 584 552 540 
776 220 716 748 536 956 396 1144 1104 200 56 1200 1224 1596 512 20 1408 28 120 1376 1076 40 648 844 1292 2032 680 2172 304 1276 496 628 16 692 312 1616 520 220 704 596 784 112 52 56 188 1328 112 412 820 536 260 4640 1468 416 1036 224 748 508 912 688 488 304 512 108 384 4 1624 956 1036 760 64 92 152 188 64 1388 388 1156 668 100 864 1088 84 1912 196 160 396 60 1140 20 708 900 860 92 1288 144 3040 4 308 1140 
644 772 280 280 280 280 2148 672 896 3156 1456 1384 296 1148 92 292 292 600 936 100 100 1192 1068 568 1444 116 180 436 120 84 148 104 1452 600 436 1012 184 192 592 524 160 572 840 1384 1640 252 500 424 72 772 52 268 320 1092 1504 20 584 484 1060 1192 232 124 1348 288 912 516 532 420 488 1256 1648 140 192 1900 216 1300 2000 4 792 688 8 320 1044 904 1388 1480 1012 136 552 596 832 1388 736 428 2424 1588 1552 652 44 132 
972 124 836 2156 56 56 64 4 1732 56 1364 656 1256 96 48 944 2700 356 352 144 220 888 888 1776 876 468 632 492 152 1852 28 820 1608 28 612 252 24 1388 704 724 1120 212 1092 160 920 644 480 908 1644 20 1100 844 324 532 1408 788 16 100 448 608 1668 192 1040 172 1060 1168 292 152 1648 708 2888 240 1432 964 536 488 1484 80 576 456 336 32 848 1836 492 3152 1008 964 628 912 2416 608 468 1660 1180 84 376 1324 300 2068 
584 732 296 220 296 1060 1276 1476 704 372 512 368 1088 1748 2352 1180 804 16 84 84 1976 800 324 696 1168 1168 724 1412 160 156 276 272 24 80 276 720 632 16 76 160 1200 1116 16 760 2680 176 1488 20 236 720 52 688 1708 76 84 816 448 448 1156 1892 580 96 316 36 1896 1640 440 1008 132 372 48 580 84 1956 1512 3028 548 212 2780 556 784 704 108 448 452 68 876 736 152 248 2416 232 1500 1104 1492 476 536 1644 84 872 
52 20 2752 536 236 152 988 112 112 0 352 2140 184 8 828 1032 72 684 20 1436 432 80 92 228 1012 204 1304 112 740 1376 328 520 1636 164 344 228 720 400 140 148 2728 276 152 1496 876 380 160 16 544 1172 52 752 96 504 256 92 524 388 160 724 936 132 696 224 1016 104 1124 120 1420 1108 1016 68 592 1476 1012 1224 220 192 32 388 1804 32 792 1028 560 164 8 564 272 696 112 128 1500 64 188 20 4 56 460 688 
2520 4 1808 316 260 604 904 864 1116 1304 68 252 164 724 856 372 2608 916 1088 2680 1516 996 1644 684 396 5656 848 684 1216 340 1524 1052 3292 1012 200 28 1352 204 148 464 96 92 1468 24 3824 1196 1488 144 224 1720 1364 804 128 24 4 1728 788 760 84 168 256 148 252 1220 60 1184 376 692 1200 1244 1440 176 684 216 424 3520 176 2980 952 660 856 660 428 676 2516 964 1216 108 8 552 1280 20 2408 1416 1112 60 1520 1084 404 0 
1140 696 264 108 276 1516 340 2408 1628 568 2380 876 64 1368 2192 1360 120 56 784 640 1000 1000 1384 164 620 348 560 348 800 1180 148 760 4 64 1068 1100 124 232 1784 820 284 1172 800 12 32 1100 264 620 112 788 980 76 552 792 1040 1540 1524 88 0 632 720 1312 76 784 1320 436 296 1072 956 724 372 52 1280 184 864 1132 896 84 1432 292 516 648 1820 716 1356 484 584 332 1340 240 1008 92 2136 824 1320 1664 1072 260 352 536 
584 392 192 76 316 2832 1672 876 484 3152 1244 8 1048 556 936 472 392 60 1220 144 1488 556 392 1168 292 984 1264 240 528 336 532 840 432 1064 1100 512 80 188 96 1328 1348 60 432 380 1304 1428 20 676 84 868 1424 524 384 1208 1720 1424 644 604 20 56 636 640 388 712 124 1640 108 68 728 1700 232 164 4 84 988 716 2236 1488 608 72 36 1884 64 1472 676 304 328 5444 712 4 488 256 688 180 468 544 372 1596 104 0 
1464 1496 260 1792 72 672 112 1324 428 1296 860 340 208 892 1580 20 20 312 60 2836 108 1400 1688 2040 2468 24 120 28 404 2460 384 388 112 80 440 1212 1520 32 1080 196 652 316 1152 684 124 252 676 2712 800 68 2084 996 464 176 1896 1140 200 516 532 348 652 2364 24 236 1408 88 372 20 836 20 428 576 1380 1100 160 172 1744 244 656 172 736 1520 780 904 152 564 508 12 1068 368 892 1208 476 168 2372 1152 520 276 1004 1240 
680 1460 204 1380 472 548 1220 2004 304 652 876 876 1608 1324 708 588 432 96 868 1452 1288 784 1764 476 2288 636 528 992 76 1584 2260 68 644 1204 92 16 2636 256 288 544 136 64 536 636 16 952 608 68 188 384 724 2068 924 1428 1480 440 1596 56 64 384 1540 128 1184 248 1124 1000 184 36 76 1580 292 1308 304 1240 904 176 332 1788 304 2408 80 244 608 52 20 632 120 1468 336 920 664 1040 140 412 368 376 88 332 1208 1436 
1920 592 112 816 1032 20 444 32 1508 716 3088 680 412 2084 668 432 48 1000 876 1076 828 520 1104 868 236 504 668 1312 320 716 208 752 1808 1644 224 1900 1228 1960 764 8 456 208 1488 128 932 1364 552 1416 160 88 1436 560 72 712 716 68 752 16 992 236 560 200 544 1276 516 3200 88 480 1492 2960 784 560 600 1784 1844 8 288 520 760 244 192 60 296 884 232 1384 224 124 308 632 160 636 752 1140 376 392 1100 720 688 284 
1660 1384 60 3280 4 4 148 564 148 2480 304 328 332 724 128 660 1096 320 20 296 1308 108 1048 92 716 2272 692 1312 620 416 924 1216 88 84 572 308 748 644 692 84 304 1232 256 664 1288 1188 80 328 1032 560 424 2356 524 3132 368 740 636 2636 1688 496 800 580 1000 324 2164 1048 404 672 1444 152 104 308 244 8 36 188 620 232 1248 1600 148 128 1132 1212 264 324 552 624 436 560 604 1500 128 244 80 1512 808 584 392 20 
152 904 1348 128 156 156 156 156 1440 3196 112 20 704 1044 1400 376 2936 600 516 112 748 948 940 1636 1084 536 816 220 404 1528 840 2188 636 468 208 844 340 76 76 352 1200 280 300 652 16 1680 2300 1696 112 252 1800 740 184 284 236 332 56 104 696 580 180 1112 524 320 108 412 144 80 524 1016 724 160 768 2316 1156 488 3256 116 264 348 940 388 68 104 292 1288 576 320 284 96 1728 1380 452 132 368 744 316 384 972 1028 
496 0 4 564 268 488 284 760 1160 1332 936 1208 376 376 724 856 1132 1132 520 680 404 40 1352 1540 116 1256 1588 204 964 224 2276 296 1136 76 432 728 1320 692 1560 1124 736 600 164 304 784 564 300 508 964 88 544 140 344 3116 1808 1416 500 260 896 224 312 232 612 1036 1172 212 2348 352 408 1436 1168 1468 236 20 236 3380 192 1032 56 172 252 2148 92 1240 4 1356 620 644 164 624 844 2340 500 1144 584 468 848 460 1536 432 
584 1192 220 940 88 1440 88 1120 1052 132 1052 1408 1680 420 148 2748 1392 2264 1488 224 40 1128 244 716 1788 1128 428 1036 124 392 1240 2804 1508 708 1724 416 372 1060 320 724 52 740 412 1892 916 100 208 172 120 72 880 452 920 76 588 412 444 2728 668 640 92 400 340 816 1728 1448 1616 248 576 304 2400 112 100 1112 836 420 88 964 204 1776 292 484 64 60 1392 1240 1736 1196 408 848 596 652 28 84 44 712 1416 240 584 200 
896 1316 4 80 756 432 1080 336 908 1380 1436 72 388 780 1184 656 200 360 208 268 136 1024 1264 1684 800 1192 252 252 396 1472 604 688 244 100 56 1124 504 1324 116 172 820 408 404 1212 672 356 408 756 720 380 424 412 80 196 0 848 1104 1376 132 172 416 1668 620 508 1920 348 916 192 180 1088 1972 1876 296 1328 444 1232 68 3280 24 68 168 1008 2152 628 832 260 1360 1804 16 716 448 268 584 276 316 1692 1488 1036 592 1016 
1292 432 1144 68 252 1232 824 808 248 300 156 924 272 1744 1164 784 308 308 252 364 176 1960 264 588 64 76 564 696 1224 1216 4 224 712 1152 664 1372 160 288 172 1100 348 1392 112 1232 276 468 1768 376 1348 1232 220 2572 120 816 56 1000 164 120 172 316 1588 36 1804 280 188 360 204 104 8 448 2472 1228 28 68 1180 1536 2028 1304 1108 1088 684 228 592 592 704 164 72 236 20 156 1376 1288 580 1220 2536 100 192 1384 20 112 
1772 764 1284 560 136 136 136 136 412 228 228 1080 72 712 1084 580 1140 100 240 696 1760 64 1344 2092 1132 3048 1204 204 3020 1264 516 1704 176 220 180 760 1272 1608 132 1060 1000 1196 480 396 320 384 492 460 72 260 508 460 276 696 268 1088 544 316 624 1308 1548 676 884 376 360 176 956 588 1052 216 2500 180 1320 832 408 920 136 1620 352 44 224 608 840 88 936 1472 2296 288 468 732 1756 8 600 1452 376 92 900 868 776 636 
1260 1260 856 120 1068 1068 668 1748 356 1200 1212 284 696 628 932 376 1436 1740 152 1380 904 2112 1888 3388 1604 2408 2872 532 48 424 1960 0 328 340 552 484 476 2088 712 496 408 40 588 640 1512 1044 528 552 644 108 572 568 860 72 2700 80 1168 964 1132 2720 1392 396 1384 628 460 340 92 712 380 528 640 8 664 792 236 284 808 136 304 1732 604 1624 288 720 628 1352 208 416 1788 1768 584 200 16 1296 536 1260 2640 1320 392 400 
224 692 396 588 132 1700 120 556 604 684 732 1028 2376 1096 692 424 200 1008 48 48 8 96 100 40 184 196 704 620 376 820 876 204 1000 72 104 4 244 1192 436 268 1464 300 444 1584 216 996 20 116 412 76 972 84 728 232 1220 60 356 12 220 1432 708 356 676 44 732 292 1856 20 824 132 140 436 676 968 1692 272 24 736 1320 1824 124 376 264 2168 68 160 500 920 908 884 656 20 1624 16 500 1096 1628 240 688 520 
188 16 436 192 20 244 564 1532 364 348 232 232 1464 520 1068 416 416 1268 500 512 448 120 120 816 80 140 620 60 8 76 1064 600 2604 528 616 616 80 684 424 548 1128 520 748 432 1804 320 688 728 324 460 452 3048 304 460 1080 716 660 128 512 3488 744 380 1192 960 1432 260 28 600 1132 460 604 644 1372 504 2024 748 404 1796 336 80 888 796 588 1184 16 452 368 1516 268 704 312 1012 108 140 320 100 1220 68 160 108 
220 20 1500 1828 224 212 588 588 956 2624 64 164 1588 1328 620 244 1456 80 1008 332 2116 204 620 800 184 508 84 28 196 172 112 156 496 2164 448 404 1656 340 768 956 848 1296 1444 76 652 780 540 576 296 212 96 1680 2276 660 100 196 644 972 752 1016 88 620 48 960 1052 304 72 140 352 408 208 1864 856 768 1048 1244 296 648 1112 604 160 344 696 200 520 204 508 152 1224 556 124 488 280 564 588 656 736 784 700 456 
268 384 864 452 472 672 724 292 3372 1992 352 584 988 1400 992 1360 264 256 480 1088 956 580 364 96 216 216 232 120 152 1028 1480 1332 2104 232 784 2064 268 64 512 140 48 1368 2616 236 36 124 1068 1396 1504 404 140 1024 448 124 1064 76 68 660 96 1564 36 504 228 184 280 732 984 256 1516 496 68 1448 324 448 844 1028 416 528 256 84 196 68 692 356 1252 716 192 452 232 512 252 3120 1424 520 192 232 904 360 888 880 
344 344 272 1240 1248 600 280 100 1332 1784 1048 188 184 2440 68 64 424 1088 136 144 1280 200 112 692 992 404 916 3260 608 736 208 1168 3032 2796 456 1472 1036 16 1192 872 16 876 908 648 2780 68 516 2300 40 948 60 296 432 20 1180 1316 332 68 1436 404 184 464 728 564 2880 412 728 632 256 416 592 88 80 308 52 4 2096 1008 84 1404 364 452 700 588 536 444 756 400 280 332 396 216 480 360 1284 724 2332 176 600 312 
184 184 184 184 1520 216 72 284 2200 2384 2384 1424 1444 216 1372 5280 1516 204 204 464 288 552 220 1652 408 1620 324 344 1284 304 624 596 156 712 336 180 220 92 280 200 172 904 3900 768 1584 124 1928 136 988 348 1220 1884 3776 344 1836 1436 272 84 676 108 228 192 2408 28 1200 860 104 500 160 668 252 524 852 552 316 420 212 384 688 232 2292 1408 112 548 372 328 276 504 176 584 1168 3172 456 24 1988 452 240 448 1428 1056 
532 700 1032 28 100 216 132 448 2152 808 1436 1028 676 1436 16 1476 504 128 128 796 1056 1212 1388 1764 932 864 1620 200 1156 744 1448 988 84 64 956 144 176 616 420 148 708 272 932 1388 476 144 1700 16 760 3304 532 1568 1496 88 432 52 80 8 96 804 376 276 112 104 596 3012 704 420 372 92 608 820 840 312 652 464 136 1192 1564 316 1344 424 156 892 68 1108 628 1260 48 1444 632 892 856 696 636 1180 20 5756 580 1100 
788 100 1208 100 100 972 72 1128 724 940 16 24 888 80 4708 1020 712 604 48 144 456 376 56 576 1508 1140 476 336 152 172 2436 2556 420 1476 948 228 1376 848 612 1300 672 760 380 296 56 56 1492 2924 280 256 1604 888 328 592 876 2880 968 84 208 960 1280 96 3068 1824 512 1292 1452 64 3048 1440 1000 312 1288 368 492 2040 616 312 1856 768 12 112 2744 540 2916 4 260 320 372 128 1176 680 752 1264 168 960 164 500 2268 1612 
2736 440 1576 372 304 100 508 372 1536 548 548 68 124 524 1344 1108 988 656 924 656 704 652 284 1880 648 356 2604 496 892 1372 3336 536 300 1632 116 1572 136 760 108 1444 372 376 104 188 472 76 1192 620 932 328 1116 316 408 228 280 364 888 0 276 988 2084 348 1032 192 24 1036 396 296 1356 784 224 24 1196 332 4520 412 272 4 836 1480 612 200 164 872 392 156 1244 716 156 1024 924 444 212 508 1016 568 952 660 1520 528 
432 432 348 612 552 432 1004 120 1740 3392 208 492 1160 1940 76 912 1448 184 688 588 692 512 1016 616 516 892 556 1400 520 504 392 1116 2384 508 1812 1196 640 152 400 428 300 200 568 1312 656 988 444 472 136 488 536 1140 692 132 2676 1520 1224 604 504 632 468 2016 140 112 1420 708 1108 788 632 744 1308 1236 156 136 2180 1020 892 492 44 68 1116 716 1016 404 752 1352 24 836 84 1028 1412 924 3520 28 184 716 260 220 2100 68 
1448 1024 880 304 1168 692 964 1720 68 96 420 84 192 580 1368 1104 1968 708 1588 192 1308 64 156 1460 584 424 1628 1084 276 552 568 676 2428 1332 360 1948 184 392 552 1596 80 288 1376 1320 380 1452 904 1380 228 1208 172 460 460 232 276 1352 1296 1248 1356 136 536 144 1064 60 692 104 1772 1368 1340 148 532 464 168 1440 1200 304 364 412 840 996 220 232 548 2344 1028 924 696 1004 84 996 1820 2676 488 8 852 1376 280 12 568 1164 
492 416 364 2972 2348 1536 1304 1360 312 1152 1528 280 1028 224 224 2068 360 412 612 1488 2592 120 440 448 148 1196 744 1672 812 540 260 72 308 468 308 2748 356 1200 708 1032 364 40 1584 676 316 232 60 312 448 1160 2132 1012 180 1508 284 156 328 180 2152 1136 324 836 176 744 72 136 1404 648 1380 20 188 636 268 120 988 4 156 480 1208 2160 2460 884 1880 1352 1496 1044 1464 1224 2320 388 336 788 956 304 4692 1828 1600 1736 1048 1060 
308 308 76 308 1472 280 280 760 460 208 492 132 248 1436 352 1072 180 944 16 96 96 620 796 724 240 564 612 652 252 604 692 188 116 616 96 1132 944 68 564 236 64 1312 896 1140 672 1176 1332 100 480 1184 232 980 576 1736 740 180 2452 192 400 20 732 160 2108 344 108 148 1232 1132 24 92 612 136 160 912 916 96 676 64 1404 464 20 8 496 768 832 124 1396 1716 636 284 544 984 16 1032 1688 676 544 384 124 2296 
1808 904 1468 452 592 1192 3040 392 824 492 632 1248 720 2000 304 1208 72 1360 164 1624 232 72 1572 1572 1572 2740 68 620 656 88 1480 68 1684 1424 1212 360 1060 1308 184 168 104 412 1136 1256 4 328 272 8 904 1140 644 316 120 248 1336 140 296 744 544 132 812 1128 392 904 616 548 1032 1864 356 444 648 892 940 24 1076 1120 928 444 148 572 180 136 152 1344 52 672 276 248 668 336 1540 980 500 88 224 2340 4 1088 1168 1416 
196 196 732 536 132 1700 676 1160 20 336 408 880 564 1284 1040 508 1644 112 184 1716 1744 892 2584 248 208 1348 864 1576 1028 1188 1156 952 188 2104 1040 180 912 144 784 664 636 92 388 1536 188 408 828 436 152 1504 312 76 888 76 924 1356 256 140 572 60 980 68 1756 264 236 96 532 348 1576 1092 1080 760 1316 264 1296 440 112 1068 220 180 456 124 2096 400 1568 760 556 324 1344 376 1188 180 516 60 408 448 256 872 724 656 
2252 1208 1140 408 820 1548 260 1056 608 508 556 2416 2416 3512 1692 1492 340 692 1988 664 456 704 752 580 440 1564 1836 2596 776 276 68 360 116 1136 2400 212 444 240 508 772 488 568 916 124 540 496 1372 0 1200 864 172 184 456 808 2604 1868 628 468 548 220 1616 136 92 700 228 1248 236 2428 300 608 392 416 1144 104 296 328 200 1832 404 1820 1368 272 1516 728 316 440 64 224 416 408 548 1356 588 480 724 528 432 892 3240 4 
1388 120 2636 1504 72 180 376 752 1524 296 640 2744 4 268 244 1752 316 20 684 340 24 1576 1368 416 1708 180 756 348 80 636 376 572 24 148 1020 2344 1056 960 24 264 432 72 2892 512 280 532 288 684 1544 872 144 736 1124 196 816 852 92 1112 1208 1244 76 80 1628 500 8 644 436 440 176 580 712 80 52 644 260 412 904 1048 1872 680 532 532 344 1152 172 528 1452 180 900 1700 4 1384 1184 1280 648 132 48 692 84 1180 
20 608 432 1116 136 68 1628 2052 1504 3068 600 1784 1320 572 720 1604 556 288 1360 1012 108 1400 1192 316 864 672 128 1220 1436 1000 1136 2496 40 16 532 472 3360 1396 100 1412 84 948 940 2648 1256 288 2048 456 416 304 1648 712 1420 1160 412 572 424 688 912 456 444 200 212 452 848 104 1124 436 480 1908 1132 976 1860 692 312 1776 2472 0 1676 432 64 80 332 1716 1000 1796 288 372 1380 220 608 428 1628 56 2264 904 1108 232 260 2308 
1548 236 1628 564 668 1304 200 596 168 780 2696 1200 700 3132 1384 64 644 368 612 2800 1672 276 52 476 1356 424 128 624 156 8 248 184 1640 20 1488 60 564 652 3452 1564 600 456 312 1012 264 312 1832 988 844 196 1184 1412 380 8 284 804 412 1760 1428 244 640 1004 396 332 1492 76 88 272 20 1420 92 1120 644 1556 156 708 412 132 132 1732 1692 1092 676 404 1232 92 16 1476 132 1760 528 1768 296 2784 1268 324 1248 1168 756 1564 
2756 2756 184 684 212 1316 48 1084 1628 660 1368 204 1208 1212 2032 64 2340 1352 984 268 452 616 300 728 540 540 632 632 272 292 1136 3068 172 2224 1144 624 200 1652 1112 12 664 340 1008 536 80 28 76 472 244 1184 60 164 700 8 1172 104 312 1932 180 228 2120 332 596 656 1596 616 1608 3024 3216 1228 1032 1444 688 448 156 96 192 736 1072 1380 780 400 64 440 1168 1736 572 628 1072 252 664 368 1200 924 556 1216 220 264 100 884 
3240 1720 152 252 196 20 4 148 660 2592 2592 544 2592 612 1764 184 2532 76 76 1512 124 456 2308 656 568 1880 708 720 664 1136 724 860 276 124 2748 1716 632 2156 116 108 1316 1712 688 76 1404 148 4 660 116 1940 1448 68 764 332 936 84 364 1104 540 1176 212 712 1748 48 36 128 688 508 772 20 1856 2392 92 624 164 724 1540 1372 796 1544 44 100 1116 752 196 336 200 344 1592 1128 36 1764 588 996 1280 436 1112 636 284 676 
2104 2104 180 660 268 2908 3700 1608 1608 988 800 228 420 520 496 760 596 656 2700 1040 700 12 2112 1272 1640 508 1564 128 240 24 4044 296 296 464 72 4 704 236 772 720 1128 1456 1372 404 1476 340 1420 1468 144 736 2632 568 1356 604 1780 912 1308 444 16 1252 780 2448 1436 160 1688 584 372 680 1140 3164 2476 552 284 416 1264 1236 916 148 264 500 820 2316 888 3312 1536 8 592 1020 72 248 948 1536 1264 2336 924 144 3156 656 712 860 
372 1608 1372 444 144 1456 1120 128 624 1396 940 2680 252 1380 736 2568 1248 512 1084 576 1172 528 608 340 224 40 1076 728 1308 736 1412 520 1724 2676 588 908 1724 1036 188 1428 136 872 1048 116 1508 4408 236 576 756 252 880 708 2396 1636 1760 64 64 380 1692 496 288 568 1772 1024 936 2736 880 1796 392 76 564 480 428 164 780 736 1420 1124 2252 184 396 2288 408 632 412 308 60 1204 432 36 344 568 460 2400 704 660 32 1816 200 1572 
1096 2560 856 480 1792 532 980 580 824 1520 0 3344 468 692 164 676 312 88 552 1240 900 1744 68 648 492 644 1112 388 868 1388 308 312 452 1404 664 20 248 608 1016 2388 1456 1740 1148 216 132 932 2928 88 1420 2720 1276 332 568 1212 748 12 272 152 1620 1472 844 456 104 1460 1472 416 396 2440 556 708 612 248 328 836 1140 76 1236 1572 372 480 208 96 3720 448 244 688 960 472 708 372 320 1816 800 256 376 712 1544 784 248 632 
292 228 1272 1620 24 908 2376 344 1404 208 2920 292 1268 160 2400 1364 1312 4652 28 2800 1460 2176 780 1348 600 388 552 640 288 52 2788 1556 1368 292 572 1656 1632 472 784 660 864 868 0 1776 692 1120 2428 1376 812 384 228 872 196 360 1368 928 540 736 604 1024 312 328 136 104 156 3096 116 252 2948 352 108 712 1388 444 56 1308 632 1260 1100 572 464 572 1360 668 1004 576 108 800 412 1932 668 104 496 300 924 284 1172 1484 412 1396 
12 704 188 976 552 688 148 1784 944 268 1040 580 472 1256 256 768 1408 248 116 504 580 2100 1192 400 140 380 472 1508 288 1580 1148 1528 132 784 420 468 500 604 692 8 16 1408 1448 304 716 2428 1176 284 1696 376 544 1500 780 2804 132 1740 480 2472 0 484 208 1800 388 736 248 1236 668 44 1488 1732 292 436 320 88 2008 1480 1192 236 1184 576 464 688 104 560 272 168 216 824 112 36 380 1136 1456 36 1560 476 352 84 152 296 
3532 716 56 72 804 776 1360 372 372 68 556 412 532 2052 512 968 924 304 708 4508 1480 708 1668 884 2776 664 1380 272 144 1456 308 832 344 316 1192 180 472 56 52 2916 596 264 348 2280 636 852 1140 68 8 140 376 1508 488 924 348 1480 840 3004 252 468 240 2784 408 288 732 152 124 428 2344 360 216 20 580 364 684 160 40 176 1284 680 240 872 980 1480 80 780 180 2344 180 152 516 1036 260 968 1444 156 664 460 340 184 
716 564 48 1436 2164 756 756 576 748 1364 724 80 24 2892 972 1804 1804 168 2768 372 2916 236 260 2256 244 256 3108 880 1716 888 580 140 252 920 1140 288 392 504 324 1672 592 3268 2568 1688 596 1328 696 304 1632 276 836 732 1036 1724 504 692 68 552 832 396 920 128 928 48 212 1040 16 460 888 36 1364 92 536 232 88 44 1328 68 284 2432 1188 128 1492 276 152 1156 220 144 564 2080 664 712 1144 268 780 1504 740 3800 176 492 
200 76 220 88 16 1032 100 1060 816 432 52 264 924 1496 2240 292 2284 876 1084 664 804 24 636 1508 1468 908 148 60 472 164 584 408 2736 2400 1444 372 620 536 376 72 1176 1492 1464 232 632 48 536 736 1044 1400 1064 348 284 904 1136 800 340 516 1472 1732 1476 420 72 1524 312 948 172 44 384 16 580 48 112 652 384 16 56 384 1256 3036 8 380 380 176 84 260 1140 508 1044 320 592 440 100 292 1060 436 568 360 304 104 
56 300 32 312 960 2536 1204 1204 308 148 144 400 400 376 2756 1244 164 624 348 268 620 612 1488 1784 628 856 4 1148 1148 4052 4052 908 964 40 124 1152 676 104 660 636 1380 324 104 272 128 1512 1288 8 1504 124 780 2604 528 2072 1480 1156 300 1020 16 416 648 380 668 440 1740 540 876 24 3288 1164 60 604 952 232 924 1732 712 860 1616 1504 12 484 344 552 140 1408 148 600 760 492 708 60 156 232 888 484 316 1404 2528 880 
1596 464 64 248 1392 332 2408 656 68 1444 548 1184 1040 816 1220 1328 824 3008 2092 188 1260 752 320 320 1592 1428 1428 272 100 2100 240 416 484 528 1132 56 64 152 1248 1240 120 476 384 1480 668 1868 1136 172 336 704 548 76 496 500 228 56 264 204 4 92 140 24 1252 1524 840 304 1256 728 1384 500 848 392 1732 2180 240 1320 752 124 896 512 816 684 76 704 460 432 420 212 68 184 424 12 1520 104 1320 248 1296 544 244 200 
344 384 344 1740 372 532 764 444 1088 516 116 200 200 2296 2296 1004 1648 156 1276 2156 80 328 332 80 1372 84 1452 1076 1360 2696 1036 1508 816 320 428 428 740 20 2188 1376 596 904 684 28 948 656 80 1012 908 592 1904 440 68 16 688 1012 2484 1132 52 1392 148 392 1128 1032 3272 648 548 1056 336 372 584 1340 1432 2964 112 440 728 556 264 516 316 24 1264 844 96 56 1412 448 3052 1556 376 896 1896 1220 252 1592 224 1680 760 640 
1220 88 2640 92 2452 3220 676 284 792 2136 76 2120 1744 68 1452 1492 56 1352 108 516 760 2744 1484 1484 16 2872 668 1112 524 420 260 1508 276 2900 1300 108 856 1068 2024 580 328 664 1360 1444 124 208 740 72 2512 240 1572 2528 292 248 500 60 8 336 928 28 728 2416 732 36 396 1412 204 748 2560 320 316 1688 300 712 64 396 28 892 1068 808 1044 120 8 72 836 1260 312 1408 3520 180 132 1144 1468 236 824 1468 1076 712 456 2260 
40 808 1084 2596 1020 1036 1504 88 1280 2132 3732 936 624 380 2208 732 2528 940 612 1144 228 272 2740 76 956 988 1752 3144 1464 2076 1292 1352 1056 856 1180 1236 864 596 2220 84 1596 36 580 3288 1624 48 1440 1408 68 516 840 1220 1136 1292 852 340 1156 132 296 312 1472 1552 20 256 412 64 260 416 100 520 8 180 192 244 772 372 152 1148 292 920 172 192 2284 56 964 1360 240 140 1032 500 2044 16 244 660 1204 16 384 500 608 288 
260 260 1440 1440 196 944 424 1428 1428 768 20 940 2508 1004 884 76 36 96 200 156 364 2040 2188 356 16 864 16 400 40 2636 204 2236 2236 488 160 3924 272 336 1320 8 2332 312 788 240 132 252 84 1384 360 212 1408 180 488 1096 584 712 956 1232 1472 3300 1284 88 244 208 232 112 1564 1252 40 1064 704 52 2332 40 1232 160 828 4 504 780 2156 260 592 1036 904 4 20 1848 2768 376 1760 1296 632 168 1064 116 1716 1340 3168 816 
1760 1844 568 1700 1480 1480 720 836 1044 2188 2792 1400 104 700 268 1532 2516 64 4 2632 28 164 4 1212 724 1660 592 36 580 24 584 1320 12 100 284 396 1044 1388 972 4 268 1452 832 464 136 144 356 428 1068 748 608 480 840 436 1352 164 148 512 1724 20 12 244 380 352 448 552 584 2492 92 1536 212 1328 2576 892 292 252 80 744 1276 128 452 384 232 2500 160 748 1692 848 704 1180 144 120 100 956 444 848 240 256 116 1108 
240 1256 3916 364 4 12 2688 2688 2888 936 2388 592 1888 360 3032 1252 1312 132 228 1332 28 2484 1408 288 2704 2380 200 172 344 896 1316 3100 2548 104 1332 140 1320 312 92 1396 676 2152 1128 1608 3180 284 2464 36 184 112 324 1308 2308 192 452 1500 0 316 900 524 224 464 1200 328 1520 952 248 160 352 1188 428 2572 624 212 24 1292 1244 452 1848 124 504 708 472 676 196 252 896 584 348 92 84 512 860 1424 1100 100 44 580 1596 544 
1064 2832 272 1284 132 1864 716 2092 356 3432 732 1716 924 1428 300 80 2372 248 1072 1476 1424 1636 1636 948 1516 1376 1064 1484 128 252 72 660 660 2752 148 2732 2336 704 2188 904 676 88 2372 164 328 424 1608 560 828 284 20 4 984 468 280 2684 8 392 1292 20 1648 740 640 2836 416 764 1624 40 444 2172 1480 4 156 1660 936 56 1028 372 4 1600 156 652 188 768 32 240 204 672 60 564 764 2044 948 632 2512 648 780 956 324 116 
2404 884 1636 1544 216 2304 1960 1228 644 148 16 164 1340 764 1956 236 484 2884 1380 216 1452 1076 1120 2368 1416 696 428 156 1280 1440 2408 3348 1120 156 700 656 656 2480 580 1032 2612 876 1292 620 1008 372 948 160 564 16 2544 3696 2484 552 680 1464 1312 528 2560 72 1320 656 1492 156 84 1672 912 1432 2452 116 1716 608 224 1744 116 524 2380 1680 72 1192 2364 348 1384 4 1852 728 524 2452 1152 6688 132 376 1568 768 760 484 496 2436 152 296 
288 128 680 648 372 840 784 756 1700 468 708 156 1672 1672 1720 644 520 796 2036 420 3232 0 3100 1420 1896 1496 316 748 1188 192 676 3044 2516 608 604 1956 2452 276 156 224 700 548 1112 120 340 1740 3132 684 2052 1340 76 104 2484 460 352 688 388 1576 1240 600 4 492 288 104 244 164 1164 1484 2500 864 584 1068 132 112 1644 636 344 1536 1000 636 1100 1396 168 68 1656 148 312 236 1268 2516 300 552 552 1604 2284 612 872 1680 788 308 
480 172 860 692 692 104 344 152 20 556 624 1528 752 324 2916 52 604 240 1460 1460 556 1500 1180 396 260 104 408 172 76 328 236 748 440 700 976 824 64 632 12 1308 644 736 136 1140 8 3084 76 1016 2652 376 1696 140 1604 544 2420 1624 2244 1168 568 404 132 2552 180 1772 360 4 524 144 1876 980 652 288 532 2036 1552 308 1284 80 80 296 796 52 2052 632 2476 604 1532 1164 620 2536 216 596 212 704 48 1112 516 28 0 736 
1240 1240 2256 1492 1492 376 3076 944 108 748 100 228 2612 720 672 1580 760 2544 892 720 1568 240 184 616 2640 1564 2572 0 900 416 340 1964 608 896 940 160 160 476 376 1640 2792 484 1292 628 64 404 1296 476 412 776 652 412 240 260 592 1768 472 1168 520 1436 716 776 820 296 164 1348 1072 216 224 1228 744 1184 288 732 244 932 176 0 328 1764 520 1244 400 560 64 400 136 1684 148 1056 660 32 132 544 52 60 3300 12 280 1424 
596 696 1540 2480 1152 1024 1732 1812 1252 1460 4 1020 1100 276 276 28 904 684 624 740 180 16 128 3288 1560 152 552 1032 2420 2340 1448 472 2572 436 912 16 1212 1040 1040 704 1072 368 796 1608 836 824 1448 672 212 612 764 2888 3056 1392 816 3184 276 72 1188 112 1504 1304 1504 2492 136 992 1180 592 904 852 4 608 1160 732 96 4 1120 3492 2012 196 120 5044 1520 520 320 1036 460 72 1168 1188 904 1208 320 428 1088 1284 2160 68 1568 880 
1072 1088 456 1100 356 440 1000 728 16 240 836 1192 100 444 444 448 608 736 1376 84 244 756 1496 168 1088 724 2416 1268 2168 20 400 424 1516 1572 704 116 904 1128 1312 1004 2048 16 20 76 804 1404 504 132 588 2576 100 296 596 968 196 192 1044 2292 1204 628 172 52 100 332 476 448 2408 1464 316 280 524 4 88 560 756 1640 1380 804 1928 344 1368 228 592 2340 216 1020 1300 2224 2612 160 192 2368 104 300 424 972 536 336 468 328 
716 1656 356 160 3460 668 820 572 260 172 892 1412 1508 692 568 644 192 88 2108 2108 2104 704 732 452 1740 552 492 1568 20 1160 260 864 940 976 1456 692 16 504 84 1160 92 2140 296 588 768 800 1096 1380 800 192 2612 456 2524 60 272 3008 244 1152 1008 216 1460 488 448 1008 16 288 20 528 860 972 340 644 2324 1604 72 1472 116 1396 472 2452 572 156 748 1872 364 436 128 84 440 480 572 2116 852 152 784 1168 388 1448 612 80 
1792 1792 2056 1184 1836 1836 2504 1200 536 184 1644 2324 712 588 3180 468 684 528 412 340 676 284 584 540 8 68 256 504 1508 324 1036 1252 652 584 504 676 628 76 284 1920 1316 1436 1200 628 176 200 96 68 532 80 2708 2064 4 492 832 4 1260 1752 340 440 1016 648 1608 224 124 364 8 568 184 776 884 20 420 28 336 984 640 852 68 380 524 464 3128 348 512 564 284 1224 148 124 396 768 1016 1096 264 328 1072 28 508 2356 
1056 1224 36 1424 2724 2904 2904 1588 252 684 480 1168 1328 1184 512 1868 1264 288 288 1452 8 644 1544 1200 1200 556 2808 1404 1212 1432 444 1304 32 1332 8 156 156 2476 472 584 1156 4 240 608 1088 5044 1472 44 656 20 128 908 200 176 1304 608 684 616 624 320 2296 1136 1200 716 2484 1412 4 3200 196 444 252 68 376 1280 1020 1008 464 168 1880 744 220 952 396 1652 192 16 1624 1796 72 992 488 540 184 104 172 116 804 260 560 28 
68 1988 968 544 280 912 3116 952 1088 284 1088 2032 160 1044 104 252 1436 304 436 688 556 2476 1000 1168 52 1196 924 1332 920 560 1052 116 1536 2800 24 88 564 696 500 560 1220 168 280 976 2236 184 736 3052 200 996 1216 688 1900 1560 740 1132 144 1204 576 704 76 444 472 612 116 1532 1348 268 8 4 960 200 732 3212 368 360 340 8 640 16 640 1656 168 420 728 64 88 1380 1456 1780 1340 28 208 1600 628 624 852 712 420 120 
2748 24 764 1660 1212 908 1888 1108 652 688 2432 4 596 772 140 3152 3152 188 404 1636 628 604 1828 1476 1232 92 2196 216 2340 2376 1476 1472 436 1576 124 4 60 560 372 1456 700 2436 1460 204 536 1228 68 108 2516 1468 452 1036 1060 668 212 1332 168 556 536 1016 112 788 3444 596 2200 892 1076 120 320 0 1484 280 1476 232 572 1372 1208 608 868 960 716 36 308 584 72 1020 1392 256 552 836 440 416 108 332 2360 44 2312 408 4 84 
112 688 112 1436 320 320 320 140 1468 1500 12 940 864 20 604 896 2764 916 468 2904 388 2248 1372 204 208 200 316 208 876 1768 1184 1320 1480 2172 408 2420 1056 1360 248 632 160 1060 540 204 124 2428 1888 616 120 140 584 508 888 1340 1264 420 2328 756 76 252 488 732 868 1352 704 96 344 420 1140 364 1252 108 400 100 2692 4 616 36 2308 280 240 192 576 728 628 968 2324 752 48 2460 1340 1024 1588 364 1280 1088 632 492 1968 428 
632 720 284 688 196 196 692 56 868 140 604 1600 1096 2376 1468 1564 1564 752 788 1144 44 28 852 100 3152 352 196 712 1496 244 236 804 52 1196 1700 788 16 696 204 48 260 372 780 736 884 1420 1284 244 144 1096 1660 564 1328 1536 272 1176 220 624 2032 1348 4724 180 808 1252 108 696 484 688 260 1472 20 728 1148 600 1504 1168 1520 548 208 2976 480 64 980 760 844 400 2616 320 20 304 1252 320 188 260 32 112 28 456 404 292 
1264 92 1576 168 640 316 1000 360 4 548 576 800 1216 588 1168 308 1384 720 680 680 744 268 740 220 1160 444 80 1528 276 412 888 1036 648 1588 1680 196 3120 236 1192 0 1156 24 136 508 1292 452 188 2252 1480 596 200 1916 3208 644 336 72 232 580 124 724 1256 1240 580 592 1328 1168 20 432 308 156 1364 248 1024 80 592 264 1208 4 344 896 1068 996 28 2268 692 2588 76 272 132 116 456 668 2744 1052 3024 0 608 328 48 1052 
972 1016 36 1176 124 956 540 1528 52 292 92 128 576 320 1856 1140 1732 728 1804 884 884 1356 28 1416 48 1996 1884 576 336 896 1620 2604 724 640 1108 792 500 292 1376 2404 1340 108 1440 324 1544 140 112 68 384 76 736 52 884 1268 1400 760 2604 416 1344 588 1152 1536 124 1248 1216 156 2028 580 1740 940 3220 1528 200 20 2484 168 2068 836 156 96 1452 568 132 824 612 2764 604 2208 1520 16 656 264 1332 692 1044 728 588 292 24 1744 
4 1808 1672 2040 108 292 1420 988 1536 80 576 1444 776 932 316 96 2668 1660 628 812 2988 1000 824 380 812 1428 268 2252 1068 156 1068 564 1208 1484 1604 484 1360 100 2912 432 420 984 624 2484 700 1356 1316 140 680 1704 224 432 8 2376 92 412 1012 320 692 260 1792 796 1140 1364 236 72 1004 1424 2236 200 672 152 116 76 2168 68 740 2964 664 152 2060 20 1016 136 1352 1036 976 36 280 176 716 1456 2928 3196 36 212 1700 580 532 1476 
180 2728 92 740 936 1052 104 80 104 76 720 1440 792 996 8 1068 132 3156 4244 104 340 24 20 80 80 1252 316 1048 508 68 12 52 28 1076 1140 220 1136 1548 112 88 456 2108 1004 2952 2788 348 1420 520 172 1496 612 768 1388 628 136 576 2872 1216 100 1664 2064 932 1140 536 376 1452 84 736 308 1648 1080 2292 2016 728 1036 2408 20 96 448 1600 1484 1680 860 172 288 120 1552 732 848 1888 392 1080 8 1220 1192 244 108 4 3208 1356 
1696 948 1200 1308 976 472 552 856 856 1524 8 208 576 72 3160 568 1588 1152 508 332 464 200 1780 1296 548 872 964 1748 1376 2388 576 596 492 308 724 1404 160 268 840 1204 480 432 24 72 492 732 1376 2508 36 1300 1032 560 192 112 540 68 584 2616 1112 1416 80 1032 3148 380 1876 688 1456 8 1540 72 3176 196 96 236 2688 8 1652 728 648 184 24 1560 1552 1264 3956 712 1580 1356 204 1304 1460 132 592 436 1036 308 360 608 1252 1592 
556 1824 216 2080 244 896 624 1632 16 128 1160 824 1188 732 732 1960 4 68 520 504 648 592 392 628 2364 836 1384 984 2512 208 628 540 1124 1380 396 224 2376 700 3076 88 1784 708 252 380 1800 48 980 324 152 108 1356 980 20 1068 556 252 48 704 536 60 1256 676 548 968 2056 2272 2168 416 608 1532 132 552 1356 296 896 388 1404 1500 12 348 3172 60 1336 1320 1064 152 720 1268 1344 1012 868 468 968 556 168 764 344 328 64 2096 
1628 1628 132 1256 1680 0 2480 1832 292 524 236 1076 1876 1552 1100 32 220 240 252 252 600 636 532 2624 140 3440 580 1912 468 356 1432 100 128 1644 104 1472 324 420 540 604 140 1144 860 1664 1460 232 736 152 76 1236 1376 844 1016 1400 544 1708 3164 316 108 948 2472 1440 2600 636 1452 1652 1476 696 1008 144 2772 672 348 456 672 264 1136 132 1440 624 136 2184 1460 68 1648 244 1344 1292 1344 680 104 508 1316 212 0 100 28 328 476 64 
44 504 104 32 164 668 976 96 1324 720 752 1440 3048 156 60 48 1248 2684 1020 4 1040 700 3216 308 1460 668 316 1056 1284 428 2696 80 4 1880 1644 592 1032 204 1472 736 792 288 1720 1052 1064 620 176 180 36 4 220 364 624 5280 560 368 896 712 416 788 584 208 108 584 192 696 936 3644 2448 220 1432 548 1076 12 16 2368 1308 516 652 1604 672 96 576 0 3144 504 428 12 1808 628 3576 1916 340 876 236 348 424 64 456 1268 
1032 1680 776 1628 2444 1928 64 92 2964 816 600 1712 1148 1260 2728 932 1812 2392 1292 412 2084 444 508 1028 104 820 308 696 1436 1060 316 968 72 1116 364 512 1112 1344 132 2736 332 1812 496 236 76 200 2600 644 128 412 296 488 816 768 344 36 592 4 696 184 280 24 2476 2476 64 968 244 904 852 860 80 1172 564 1392 48 52 3088 1264 1084 2944 16 20 40 1988 116 468 1512 376 364 256 1880 88 16 3476 3024 1520 412 1228 716 152 
1316 244 244 1248 1504 540 1008 2472 632 1044 52 576 328 152 680 684 96 1828 748 2208 2852 136 1396 1456 1456 2572 616 820 156 44 72 220 1536 1164 2404 2484 1356 36 292 868 320 2100 1496 776 1528 1480 420 264 1344 1220 1136 296 584 580 484 1124 976 940 492 1144 1336 1280 1016 704 88 668 1668 304 1196 568 2924 612 1204 348 1444 836 132 880 756 2224 128 584 336 416 20 1320 1416 664 1768 1632 1820 660 580 1516 2972 3052 276 256 336 108 
452 452 1140 584 372 580 84 204 1704 620 1768 1368 692 1384 1696 2784 924 88 604 1712 240 136 728 324 4708 1432 440 592 1468 1176 64 1684 584 1588 276 64 304 200 1216 1656 1172 2520 220 12 196 1588 3116 120 900 644 20 1548 460 0 344 1428 92 116 284 3712 12 236 376 2880 224 60 144 1396 900 404 1164 472 20 1396 2740 128 516 608 40 344 404 124 1592 324 280 728 528 1584 1756 3032 136 240 556 2452 444 52 1440 764 120 508 
684 1344 712 56 1316 908 556 72 992 1204 1308 436 1696 1212 2212 616 192 608 728 2224 584 180 708 920 508 276 652 1200 1756 1756 1756 2872 652 552 1488 588 716 236 64 384 464 1580 2428 476 1404 1080 128 376 1436 544 2392 36 104 1516 420 804 332 212 2692 1364 1328 1160 1292 1340 28 332 1364 240 208 1340 632 1244 20 144 936 276 336 1604 1288 264 720 16 256 508 620 52 1780 628 32 1340 1760 248 96 2732 2800 68 768 1680 2508 1460 
232 232 216 956 720 840 192 404 1324 96 400 400 632 3148 232 304 1412 388 460 460 768 132 104 104 440 180 500 664 1044 608 816 2076 800 492 376 108 844 164 52 456 1040 368 140 2580 156 1976 1468 1428 800 308 896 1936 284 1256 692 572 12 704 3164 1428 1000 1828 656 288 236 816 256 80 388 308 12 1184 828 516 192 996 596 1508 1088 668 56 204 116 1392 116 60 1440 1108 112 192 92 1672 1568 756 156 176 624 1316 592 4 
180 180 180 180 1288 1904 1896 696 700 244 1084 2152 2152 176 640 1236 192 720 696 880 1720 836 284 332 20 892 104 12 600 676 804 548 576 1428 696 760 168 288 704 2668 664 2424 1604 904 1368 320 816 624 1168 168 2308 696 620 360 352 712 436 4 20 2036 32 1316 792 76 700 584 304 940 968 2764 232 264 1740 500 432 748 1344 1244 72 564 2632 1232 1584 440 1108 1896 248 696 2756 260 400 436 680 448 1608 296 1024 72 244 1584 
1256 848 920 768 2236 1148 696 1556 720 172 688 1012 840 4 800 16 1912 1912 288 3152 292 2364 220 2352 548 984 1428 1068 2736 2436 0 552 1336 2544 920 3060 152 880 516 1116 688 116 984 500 508 1360 600 576 740 64 876 536 228 248 284 376 120 60 1056 1156 28 1368 568 1188 460 2824 8 1036 296 64 1568 64 704 1176 740 268 628 636 2888 392 528 228 1084 292 1068 1652 2300 40 1152 1132 788 240 448 2384 920 192 1956 916 724 1272 
1612 1284 172 3224 120 20 60 780 1556 304 192 1496 1336 1840 1976 240 2368 876 1728 260 312 608 1564 2432 3428 444 144 108 1564 1564 264 160 116 604 104 712 440 640 1132 232 1132 16 792 1084 372 2464 1484 220 668 864 356 1348 212 1476 2532 4 876 2284 132 480 580 632 1324 316 1300 464 2928 48 384 848 844 136 1776 700 188 244 1744 1420 736 996 144 676 784 672 948 716 832 792 1716 1412 616 76 192 140 1452 1532 1004 944 1016 1128 
232 232 864 1524 1484 68 256 880 364 1512 380 1244 704 884 404 300 300 196 0 4 48 2588 780 1612 4 1084 980 456 1192 1664 112 2496 3824 1096 1120 452 1576 748 716 804 1460 976 288 1024 1312 1324 68 1800 936 152 1096 968 352 1164 20 1376 40 596 632 8 228 780 568 140 624 4 704 108 376 536 748 332 1020 236 1708 300 1140 1272 1380 744 340 588 288 1616 376 400 1144 1356 500 600 552 696 60 736 60 608 712 576 152 600 
200 1444 1620 444 1176 1140 1748 408 436 1108 1564 328 1024 224 224 1332 556 444 580 1680 1680 512 684 156 156 592 376 356 876 712 1252 616 2044 856 696 4 964 1116 2584 2704 356 2608 544 732 4340 344 504 888 684 260 448 240 620 196 192 520 868 260 552 492 1396 740 1004 996 1336 2204 1572 412 628 240 2464 992 44 296 148 320 2456 4 256 776 404 768 4 896 640 180 348 696 1384 188 596 820 396 420 2240 296 200 248 92 316 
184 896 140 92 212 1480 680 2476 2984 304 1100 992 336 396 1412 632 728 1088 1036 2232 1764 1764 1264 1108 268 1216 296 1476 3076 1384 3076 1032 400 364 120 2128 476 516 1276 1912 732 1624 1172 484 1436 948 504 460 1024 1060 1552 1132 356 724 632 148 3028 2516 616 452 2432 1152 996 752 1828 280 112 228 2668 700 368 64 1136 4588 900 2352 3872 80 624 852 392 572 632 1184 144 2700 648 1052 292 3312 420 108 132 200 576 460 72 3044 372 2976 
956 3052 348 232 1768 1084 148 220 356 464 588 2432 596 332 1664 952 872 872 1408 696 364 476 204 204 8 444 412 300 924 340 1028 1968 204 536 3112 4 280 604 640 2936 244 1404 956 1652 664 484 2384 1824 1476 320 424 1008 468 920 188 856 652 1712 1080 388 1008 1172 644 228 1352 124 2080 460 676 4 952 500 2584 3788 516 380 640 540 136 608 5316 1420 908 1236 296 496 648 68 1300 436 556 648 2416 316 608 140 2740 88 1060 1248 
1096 884 684 612 2244 2900 792 1944 2996 0 84 1992 300 408 260 1100 1256 724 2060 64 72 72 1764 672 1560 380 20 1552 832 256 232 2696 1032 248 1548 2384 3216 1436 684 240 792 8 232 692 1556 1376 1332 1216 1008 772 692 1420 816 488 8 880 384 88 828 1032 68 888 148 500 356 1816 268 1628 124 4 272 164 612 216 684 36 544 884 180 1264 236 1672 984 3076 664 600 700 188 2132 544 3444 336 104 492 108 572 972 116 84 2568 
96 116 200 1160 1080 104 544 544 752 1468 1476 1468 200 628 1240 600 484 324 880 576 2760 2760 584 292 1552 304 2368 2368 20 2424 684 816 976 1632 124 564 1260 712 532 1084 308 656 616 104 1180 484 896 228 852 448 448 1528 396 144 1072 224 260 1052 152 292 268 1052 188 1404 472 96 3092 1524 52 124 1512 44 560 984 520 100 2400 444 588 3388 4316 1928 480 272 1348 704 1004 140 2396 1520 1456 1380 760 1508 572 3148 284 240 928 68 
1052 996 1052 160 1528 1528 1528 364 116 124 20 132 1084 644 240 568 628 8 2296 104 2392 576 576 260 188 1516 1984 2436 864 776 1060 104 532 436 576 792 2504 2996 2720 1540 284 272 68 748 264 600 1624 456 2792 52 56 1148 416 564 1588 788 544 488 340 628 3032 1220 384 1340 520 280 1400 928 820 100 712 1368 1108 304 152 396 196 420 776 416 1732 272 1460 248 1008 72 1424 1264 380 156 2264 1436 284 936 1408 672 428 656 584 2024 
1756 3152 232 1196 12 1476 76 1628 640 736 312 1508 2488 960 632 632 208 508 376 80 480 1420 1436 580 1152 448 88 1404 4 4 76 2204 2188 1828 84 1036 312 252 280 1192 1340 84 1392 1840 2172 700 908 96 812 1196 584 0 1048 1652 184 156 168 248 1724 12 1208 648 1452 124 2476 348 812 76 200 600 1420 648 1284 388 244 3220 128 620 76 108 36 500 148 116 1232 308 632 156 292 688 1444 196 148 364 820 1280 336 1344 476 84 
80 80 80 80 116 672 116 212 852 932 1608 628 1440 280 420 520 736 600 120 300 1128 1492 112 4900 780 12 740 1596 4 140 2672 568 892 916 1304 600 152 228 304 132 764 976 2528 1368 1436 344 100 216 0 2308 668 1400 236 836 716 316 1000 1376 716 652 2476 100 96 412 576 804 280 800 428 1800 692 1164 148 720 364 524 200 940 1192 1560 2960 1496 108 1560 968 836 156 708 620 708 116 696 544 836 612 1696 156 412 548 620 
2588 544 2588 828 584 412 1588 128 784 1540 536 1284 1012 772 1012 1292 1040 20 240 300 272 408 772 772 1716 2588 4 12 2116 3212 1836 160 744 1180 2404 32 572 880 460 1152 468 1068 904 1576 1860 2664 1804 1376 572 72 724 156 3632 68 216 288 2548 3300 108 140 2004 92 1176 524 116 1320 340 156 1456 824 944 1176 192 2512 608 1364 188 276 3316 348 996 180 392 1180 104 20 792 232 528 172 740 1408 188 436 932 408 20 736 184 1660 
1504 2828 1336 640 156 660 2492 5304 72 388 212 212 112 1580 716 488 196 452 1348 244 1284 656 548 1968 544 588 76 68 376 1796 3272 84 1732 2436 452 1260 916 812 484 580 604 280 328 240 64 968 1472 912 1644 660 100 2084 772 228 68 252 2816 4 592 552 540 136 236 1376 284 580 256 596 1380 1372 288 264 2392 2328 196 980 340 176 3084 192 1356 3140 1112 1116 1132 52 584 36 240 804 752 120 1200 1524 1240 1668 260 956 1048 1076 
436 832 3004 1852 436 20 680 612 32 32 680 568 1368 2948 844 1620 2788 1408 1724 1324 4 1248 4 1448 1480 520 2768 932 1072 1112 1560 1560 1404 1216 456 20 204 792 620 8 248 1244 892 2924 644 1244 68 952 148 500 148 1184 1144 60 304 416 316 388 208 816 24 2688 1028 380 92 32 1880 88 4 1144 1808 948 2400 1392 68 540 860 76 1300 112 1860 1232 248 1424 284 684 904 724 3848 516 732 288 8 112 1160 676 3476 464 52 1436 
860 592 592 240 1112 2652 360 260 364 220 940 160 256 516 732 252 2192 0 2820 332 96 1624 388 708 252 336 336 1524 1196 248 1412 956 1052 1216 436 720 1220 156 884 620 964 360 236 252 2364 724 88 536 1372 416 12 3040 2196 72 1248 588 748 1304 512 484 628 384 1496 932 1628 668 1428 692 440 1276 460 1160 3584 1340 44 3156 632 180 856 2896 1712 756 1368 8 2528 1308 404 392 1620 592 84 712 588 936 560 116 104 2476 1068 408 
792 1412 2828 1152 1152 1152 1764 352 1020 1936 1780 1248 188 1832 396 704 324 748 76 972 1212 596 1572 1488 840 2032 1480 100 588 1552 988 1064 632 24 364 784 1616 220 1008 2908 1676 396 712 1096 1592 624 1324 276 208 848 2772 1808 76 2700 152 316 104 1400 1016 388 540 3280 1540 912 704 1356 1016 436 1880 1148 60 1128 380 1560 788 20 172 1080 836 3132 1016 112 1252 2360 72 108 120 1904 120 268 1420 144 2304 24 760 516 252 708 848 272 
2080 2080 1260 328 404 404 1456 1116 896 940 1296 2780 124 1168 676 584 320 3392 192 2596 276 1272 84 1500 64 632 236 1336 144 832 2312 144 16 136 408 420 756 128 1340 676 4 1344 216 1004 1060 208 776 880 396 424 680 828 1528 1516 1976 196 628 600 88 1632 136 88 1432 576 92 416 1156 840 2328 808 632 152 2176 388 396 2684 760 1604 840 352 1612 580 68 224 452 552 520 600 176 1380 716 1416 488 464 572 84 556 2220 100 372 
380 56 348 1916 704 756 1340 580 716 540 416 848 856 692 4 292 292 644 968 924 312 1124 1228 1480 980 108 1684 1320 400 1356 552 1048 1768 16 624 4 256 1188 536 628 1492 1456 1264 1380 100 96 676 360 1016 1980 620 188 2424 540 1004 288 820 536 1876 476 1156 284 488 464 1868 420 572 272 20 668 156 148 1484 132 16 424 344 524 460 52 32 644 92 1792 104 1056 160 148 1396 556 128 12 1432 40 380 4 404 136 72 2916 
2916 268 2916 524 620 276 192 952 1172 288 116 1068 512 588 588 96 580 68 396 1284 504 4852 56 2304 72 1292 956 2628 1496 948 876 768 2644 564 252 1768 340 904 668 180 1044 1608 348 464 188 1096 664 216 1736 456 152 128 932 356 548 324 164 124 212 1248 380 100 668 260 340 548 8 1120 996 1288 424 2460 244 504 120 372 1276 3004 388 916 2492 664 972 524 3340 420 2452 152 280 636 580 712 3076 2216 292 3200 1644 152 660 48 
152 152 576 804 804 1012 1012 1012 168 616 616 112 2288 2360 2228 640 1528 1480 20 752 80 304 3016 596 1500 208 1184 164 156 232 1472 248 892 2620 156 840 840 1256 716 1468 168 812 1660 320 384 540 4 496 1716 516 204 1796 492 604 700 864 1544 1176 1156 568 1336 2904 1184 8 968 1624 2236 40 700 552 2020 2140 360 200 1168 1656 292 96 100 96 908 192 216 684 160 1236 60 260 956 1452 156 256 2468 3224 400 2644 408 568 1372 84 
936 1696 1696 2484 1376 428 88 2312 1760 1292 336 1316 1316 1440 1440 1604 280 1072 1396 528 1404 1552 1540 272 1336 2340 900 1636 1164 332 4 252 1352 720 256 712 816 1116 140 772 1100 76 4 1084 1020 12 1456 376 556 880 92 1856 2532 856 564 1136 180 1016 56 116 396 888 20 384 972 1448 664 552 36 1348 2164 784 1304 0 384 764 124 440 928 364 1024 152 840 1448 2320 120 540 216 188 468 2492 2324 1592 796 912 308 492 1664 812 956 
1252 772 36 732 412 164 404 400 52 2276 28 1404 1212 688 84 924 84 84 800 3400 8 1480 192 196 388 928 180 76 1216 404 1296 116 1680 2232 1140 268 296 576 2816 700 568 52 600 592 488 52 968 980 320 484 1312 1256 1640 2776 312 584 100 1428 2584 976 456 172 1060 80 104 612 1492 92 800 1744 648 448 1404 636 1836 3368 1088 1056 380 708 156 872 628 1560 824 2772 744 1276 1116 276 464 260 664 320 156 356 40 76 188 492 
2168 4 1828 660 508 508 508 508 1376 1432 1432 1600 472 1096 500 800 1992 724 444 724 1216 1672 1092 1484 736 312 216 2744 4 1448 1288 140 572 196 1332 900 1252 248 704 1248 616 724 304 1956 2460 624 184 488 1208 24 2240 1128 548 360 68 1288 252 4220 684 1356 1564 92 320 1124 1824 1412 144 92 664 1384 568 672 492 548 492 356 1316 456 72 728 1540 3028 1432 280 1060 656 156 128 916 1480 2500 672 2524 32 1476 1020 140 316 36 156 
176 16 988 3056 1492 1736 24 1544 1524 2308 1096 540 580 332 2168 636 1148 1652 132 516 60 400 612 848 1620 424 1324 4 440 552 492 628 664 124 124 36 1592 1396 1692 132 296 1652 1784 168 1456 688 144 2780 2568 1716 1672 2492 92 452 96 380 424 496 976 104 1044 184 560 528 112 620 1724 560 2160 312 1624 2672 932 1276 672 224 224 412 1476 1252 4 1616 76 376 1176 1496 88 328 1396 544 1484 108 248 396 684 940 1440 2560 2388 1100 
544 168 800 84 1060 348 724 1288 1760 1124 648 656 768 320 504 532 628 76 1772 280 1464 1116 1536 112 664 580 400 344 144 716 140 20 1160 2928 2240 1720 644 660 1100 252 1148 1876 340 1280 684 96 128 44 420 700 1340 764 944 468 2796 72 756 1436 1740 1224 1276 148 480 428 64 4 3244 300 1100 1288 1568 352 1844 24 180 652 768 1496 76 72 216 312 1352 580 56 1488 200 1880 224 284 460 544 716 276 32 916 1776 1432 588 792 
52 1996 444 1160 3308 1208 524 1380 676 500 636 4 1688 716 1924 416 1428 104 4 936 660 660 820 16 3416 2972 3204 1052 136 2100 472 592 1336 652 1012 1052 1412 592 508 1072 404 632 1316 188 1048 692 720 500 748 412 564 144 524 1636 1856 1588 1804 648 1720 200 84 1604 72 288 24 172 1112 632 304 732 280 36 232 532 1688 296 704 900 20 552 1824 1308 228 1692 1380 2208 2188 1952 668 700 680 296 108 124 552 112 224 652 64 1616 
1564 220 1428 1124 1472 784 140 1512 1676 668 348 4716 568 1148 1780 488 688 2628 1560 1124 208 776 1368 120 1816 1816 728 2620 1720 1960 108 524 1460 324 1120 1340 848 108 780 3792 1472 540 0 708 396 880 0 1444 2868 100 604 420 992 872 788 1908 232 744 1432 620 592 100 452 2312 608 320 68 112 276 272 20 764 648 156 624 372 3168 1524 952 32 1052 124 316 332 468 248 428 432 116 356 2656 1332 1372 748 636 292 708 84 200 3364 
208 44 520 520 748 692 312 2132 1604 412 512 1460 180 576 576 1116 848 1188 1964 36 736 1796 344 500 1140 1632 1000 172 384 1080 644 1744 1176 1656 276 60 1592 44 624 1156 132 1096 1256 356 584 180 648 944 92 224 1776 112 1672 36 68 592 1268 1292 2384 364 3016 1332 260 52 52 1508 696 364 800 616 572 820 1028 580 416 568 1380 744 1320 852 392 2416 160 732 68 792 2028 112 2968 92 628 1016 1580 2384 204 1304 1188 1168 1396 148 
1232 1044 320 508 2364 2196 800 1464 228 8 268 524 1464 732 824 2468 564 2408 328 1060 2828 1484 200 260 692 1732 1100 60 2312 880 1256 1248 1100 3388 396 716 500 680 552 2024 1424 176 160 548 880 884 20 808 4 1428 956 552 1540 1264 3312 3168 2732 244 552 88 1280 716 24 1108 720 2824 2424 2460 556 340 544 56 816 388 508 2428 1452 2584 1896 1480 972 240 1996 728 688 608 352 1308 148 276 784 584 2060 64 1036 96 1316 400 2496 632 
584 1708 164 1120 504 2272 1584 1584 1460 492 1732 1732 284 2108 540 608 236 4 444 592 340 1612 5064 332 728 1480 2848 1592 1388 1324 404 864 1436 2876 1584 100 0 172 176 880 316 336 788 76 1424 660 280 2328 652 980 1664 656 2628 676 404 3424 1048 756 472 80 540 296 2100 760 960 1100 1064 132 848 920 200 712 260 512 832 2160 1848 132 596 848 2052 684 728 1324 120 908 4 1216 1872 2008 124 1820 848 2924 1020 472 1172 3380 428 152 
728 1016 800 244 1268 1468 2772 84 384 1756 712 696 748 1944 1524 1264 96 2744 532 32 568 1788 2676 1740 2824 432 1632 1028 1724 284 724 848 1032 388 440 376 856 3144 400 892 1064 448 556 168 576 468 1788 1788 308 752 808 124 620 868 216 28 568 52 360 1344 532 180 216 592 992 112 1500 448 976 248 2276 1276 592 616 1520 348 196 508 684 392 1612 68 352 1324 952 80 1864 240 1568 592 1348 956 44 64 388 640 1652 196 336 1508 
344 1224 2440 1868 2496 1868 1148 408 928 616 4 2900 248 108 1320 272 1792 228 228 2212 2212 1496 776 284 284 560 2112 872 1272 664 192 20 1244 516 1380 1064 324 444 1100 524 1264 416 332 3508 372 412 524 480 368 1332 3176 1776 888 388 732 2332 1460 304 596 1112 140 1936 1020 100 196 1192 604 388 460 908 1168 32 1772 1416 340 740 44 1360 2544 1104 2268 1324 884 624 544 324 236 80 540 68 608 264 516 1896 132 1252 2100 540 592 300 
1040 1472 2976 292 120 4 244 2612 736 168 1676 236 2932 1620 460 736 8 596 596 260 880 2788 356 52 184 12 116 68 636 1672 1672 1408 92 2452 1804 156 2256 1632 580 716 3240 716 1308 1344 528 204 784 528 120 628 1000 2800 156 8 1648 328 2216 284 280 2012 684 3336 276 400 1224 608 2608 1296 624 496 1296 1012 2512 564 272 188 772 116 272 992 2988 208 992 548 3524 240 580 1048 32 324 256 580 1380 576 536 612 288 520 428 428 
1088 184 232 552 852 1492 448 924 1404 172 120 120 1748 1432 656 164 164 164 144 624 664 20 800 380 1488 1784 80 736 1468 192 2300 2300 1732 1500 1564 512 1416 144 1736 2744 248 2364 532 1248 1120 792 284 440 592 1524 2108 944 2556 888 384 288 168 3144 596 320 512 648 1984 252 1104 1372 136 1244 2444 404 476 1664 1668 1616 172 704 1192 60 1456 412 964 64 68 12 648 1168 708 1416 3420 1040 2120 368 72 2340 2660 436 1520 1684 156 664 
1096 1496 1720 1072 704 1240 596 596 676 2716 40 204 1880 1488 996 480 2444 1036 1236 1236 1236 1380 104 1092 1560 1560 1248 136 1760 1388 240 264 748 136 260 852 1540 712 900 1020 3084 148 1672 292 1432 2584 1588 332 636 544 536 996 544 712 156 784 2520 4428 3764 16 12 1328 1536 1136 1744 808 800 0 1048 3184 1160 848 1300 680 1420 748 3352 1620 160 168 576 1400 28 1820 1312 1704 2980 1732 1324 980 132 3116 348 1464 304 432 256 576 168 304 
976 844 104 1420 1652 1652 924 936 2252 2252 2936 192 728 668 740 2480 564 320 2864 2864 1172 68 4 216 1652 1464 128 244 1152 1384 340 700 2984 456 660 948 744 784 1204 676 2356 1636 88 656 1076 1720 788 772 2480 1208 112 720 676 3952 3952 764 20 1092 252 784 4 3460 576 1076 1008 1748 236 732 1980 1004 124 304 96 220 1324 1340 268 976 2912 492 2476 1912 400 412 412 1616 336 1368 576 1164 124 3048 624 52 36 1292 716 248 304 460 
376 1804 1404 80 80 80 996 1516 1988 1052 1052 624 428 1592 656 880 3068 1140 1796 1796 1796 752 320 1220 888 888 1368 300 760 660 660 784 4116 416 76 2040 784 20 1460 2572 1504 168 96 2516 360 708 116 1512 208 608 1664 1540 1028 704 572 164 20 1752 1220 588 5544 1588 184 160 168 184 576 1720 532 240 104 1820 568 1540 188 564 1620 1324 828 0 1540 696 820 152 740 1424 556 856 1148 1212 452 248 892 1532 1076 364 268 1860 152 360 
2400 500 1216 700 220 124 80 1244 56 712 672 788 56 2264 632 632 588 1548 688 92 632 348 1636 108 328 488 1772 724 80 4688 868 688 532 624 512 368 2560 1528 1108 296 408 1068 784 24 2768 1900 884 976 3288 724 588 368 1208 2408 468 220 68 620 788 1348 116 104 1528 228 2180 1648 716 564 3100 2092 1836 2344 1424 3384 228 612 2556 1412 876 60 224 732 692 1160 1028 704 188 8 1232 1812 64 644 48 2908 12 940 104 180 2216 1720 
2260 1312 596 3172 836 332 304 3180 1000 140 908 1180 748 2956 3640 1356 1560 1140 2960 1052 1320 108 1208 1092 128 372 240 1380 60 592 844 1444 1784 416 1000 260 1036 408 40 68 5424 1852 660 208 352 1332 388 168 2312 2740 996 1056 708 332 996 740 1328 636 2492 808 1104 376 1244 380 256 3424 192 1360 1636 4 1556 1232 924 940 1980 1704 716 140 828 364 444 592 408 1364 816 720 4 2592 72 196 1416 264 60 648 88 1484 1772 640 120 2328 
2152 1980 3092 5100 3208 5796 1488 448 248 1612 668 2320 2412 752 1500 448 504 592 592 20 1760 1076 2404 524 464 1152 1284 200 836 1464 2288 128 148 752 412 2372 1560 516 664 392 388 568 784 232 108 640 1108 724 772 1124 236 704 464 708 640 1528 260 656 1372 396 692 1424 1564 312 1436 1104 720 540 1088 912 1164 2124 964 2864 64 1464 1020 204 144 464 96 252 584 1624 688 480 768 1460 2444 8 844 924 76 1268 208 256 1404 1140 836 1384 
708 1284 708 1800 924 412 76 56 284 124 408 1908 3116 1400 1220 32 64 2000 1816 1608 480 368 216 268 1748 1748 140 1596 1024 1024 1896 732 700 688 1204 528 520 1052 92 700 4016 804 100 1360 828 1312 348 124 1348 1144 992 680 1072 712 896 1128 32 1320 2508 172 1292 672 968 1116 1652 3244 72 1436 1184 1484 16 188 900 160 2340 1012 368 1472 1192 284 2040 1340 80 328 652 412 68 676 756 1280 228 220 592 1160 760 2336 168 1140 684 692 
