16 4 32 24 20 4 4 20 8 8 16 28 8 28 48 8 56 52 72 44 36 44 64 64 12 28 60 52 28 16 56 8 56 52 36 20 28 20 4 32 36 44 56 32 12 32 64 44 28 32 36 20 28 20 52 32 28 20 8 36 36 32 64 24 28 4 32 24 64 8 52 32 28 20 8 36 24 16 56 4 32 4 20 4 16 20 20 8 4 4 4 4 24 16 56 4 32 4 20 4 
20 20 8 8 4 20 20 20 56 56 16 20 4 4 56 56 28 28 4 4 44 56 56 56 28 28 4 4 8 8 44 56 64 44 8 28 28 24 8 4 4 4 16 48 20 48 4 28 40 40 4 16 40 40 8 12 16 28 16 60 4 48 32 56 44 28 44 44 20 52 8 24 28 52 36 64 44 44 32 56 44 28 44 44 20 52 8 24 28 52 36 64 12 48 28 24 16 28 20 24 4 20 8 4 12 20 8 60 12 48 28 24 16 28 20 24 4 20 8 4 12 20 8 60 12 48 28 24 16 28 20 24 4 20 24 24 4 12 20 60 12 20 68 44 24 
68 68 60 60 60 60 4 60 60 60 60 60 60 60 16 16 48 28 56 20 36 36 36 36 36 4 8 8 32 4 8 8 36 12 20 24 4 8 60 60 4 4 4 48 8 48 8 60 8 8 36 8 8 20 8 20 8 72 4 8 8 12 40 8 8 8 8 40 48 8 8 4 4 8 44 4 4 40 68 24 60 4 4 4 4 4 24 32 20 60 4 4 40 4 4 4 24 4 60 20 
4 4 32 4 4 4 16 16 12 28 28 28 28 28 40 40 4 4 36 36 4 36 36 36 36 8 36 36 4 4 56 56 32 12 36 4 36 36 8 8 8 8 32 16 32 8 40 56 28 12 24 12 12 28 8 8 8 40 8 8 4 28 36 28 48 8 40 28 48 36 8 36 24 48 48 8 16 8 16 40 24 12 12 48 32 28 4 16 24 4 4 72 36 4 4 16 24 4 28 36 
72 72 72 48 48 64 64 32 64 16 20 16 16 16 52 16 32 44 44 92 44 28 28 56 40 44 12 44 44 32 12 44 44 44 28 44 44 44 44 44 64 56 36 44 68 76 40 28 36 60 24 12 28 28 28 28 28 28 48 4 4 60 4 20 36 72 48 20 8 24 72 60 36 68 20 48 28 20 36 24 28 20 36 4 48 36 28 28 24 32 20 36 36 16 68 64 36 56 4 56 
28 28 24 16 36 36 36 36 28 28 24 28 24 24 68 32 32 40 52 8 56 20 8 24 40 20 52 52 36 36 48 48 48 16 16 60 16 16 48 48 48 48 16 48 48 52 52 36 64 8 56 28 20 36 28 24 36 8 52 60 40 24 24 40 24 4 20 16 32 28 20 20 8 24 16 16 4 20 24 4 16 4 20 8 4 4 8 24 12 16 20 4 12 20 24 4 16 4 20 8 4 4 8 24 12 16 20 4 12 20 24 4 16 4 20 8 4 4 8 24 12 16 20 4 12 24 24 4 8 4 20 8 20 4 4 36 4 24 4 24 12 24 24 4 8 4 20 8 20 4 4 36 4 24 4 24 12 24 24 4 8 4 20 8 
24 24 24 24 24 24 12 12 16 16 20 24 24 16 20 24 16 16 20 24 16 20 20 16 20 20 20 20 4 24 16 24 24 24 20 16 24 20 4 24 4 20 20 24 12 20 4 16 20 12 12 12 4 4 4 4 12 4 16 8 12 4 20 24 12 12 4 12 4 4 16 4 4 20 20 4 4 4 4 20 8 4 8 8 16 16 12 4 8 4 4 4 4 20 4 12 8 20 8 4 8 16 12 4 8 4 4 4 4 20 4 12 8 4 12 16 12 12 8 12 20 4 12 12 4 4 12 16 8 4 12 16 12 12 8 12 12 12 4 4 12 8 4 12 4 16 4 12 4 12 8 4 12 12 4 4 12 8 4 12 4 16 4 12 4 12 8 4 12 12 4 4 12 12 8 20 4 20 12 
20 20 8 12 20 16 8 8 20 12 20 12 4 8 4 20 8 4 20 8 12 20 4 12 20 20 12 12 12 8 8 12 8 8 8 8 20 8 4 12 4 16 4 4 16 8 20 20 8 4 4 4 16 20 20 16 8 12 4 20 4 12 8 8 4 4 8 4 8 8 12 4 20 16 8 20 4 8 20 8 4 4 20 8 4 20 8 8 12 20 20 12 4 4 8 20 8 8 20 20 
12 12 8 12 4 12 4 20 12 20 12 4 8 20 4 20 20 20 20 20 12 20 20 20 24 20 12 20 4 8 8 8 4 8 16 8 4 4 8 4 4 4 16 8 8 8 4 8 4 8 4 4 20 16 8 4 4 4 4 4 8 4 4 4 4 8 4 8 8 16 4 4 4 4 20 8 8 8 16 4 8 4 8 8 4 12 8 16 8 20 8 8 4 20 8 20 8 16 8 8 
4 12 20 20 20 20 20 4 20 20 4 4 4 4 4 4 4 4 4 4 4 4 4 4 4 4 4 4 4 4 4 4 4 4 4 4 4 4 4 4 4 4 4 4 4 4 4 4 4 4 4 4 4 4 4 4 4 4 4 4 4 4 4 4 4 4 4 4 4 4 4 4 4 4 4 4 4 4 4 4 4 4 4 4 4 4 4 4 4 4 4 4 4 4 4 4 4 4 4 4 4 4 4 4 4 4 4 4 4 4 4 
4 4 4 4 4 4 4 4 4 4 4 4 4 4 4 4 4 4 8 4 4 4 4 8 4 4 4 4 4 4 4 8 4 4 4 4 8 4 4 4 4 8 4 4 4 4 4 8 4 4 4 4 4 4 4 8 4 4 4 4 4 8 4 8 4 4 4 4 4 4 4 4 4 4 4 4 4 4 4 4 4 4 4 4 4 4 4 4 4 4 4 4 4 4 4 4 4 4 4 4 
4 4 4 4 4 4 4 4 4 4 4 4 4 4 4 4 4 4 4 4 4 4 4 4 4 4 4 4 4 4 4 4 4 4 4 4 4 4 4 4 4 4 4 4 4 4 4 4 4 4 4 4 4 4 4 4 4 4 4 4 4 4 4 4 4 4 4 4 4 4 4 4 4 4 4 4 4 4 4 4 4 4 4 4 4 4 4 4 4 4 4 4 4 4 4 4 4 4 4 4 
4 4 4 4 4 4 4 4 4 4 4 4 4 4 4 4 4 4 4 4 4 4 4 4 4 4 4 4 4 4 4 4 4 4 4 4 4 4 4 4 4 4 4 4 4 4 4 4 4 4 4 4 4 4 4 4 4 4 4 4 4 4 4 4 4 4 4 4 4 4 4 4 4 4 4 4 4 4 4 4 4 4 4 4 4 4 4 4 4 4 4 4 4 4 4 4 4 4 4 4 
4 4 4 4 4 4 4 4 4 4 4 4 4 4 4 4 4 4 4 4 4 4 4 4 4 4 4 4 4 4 4 4 4 4 4 4 4 4 4 4 4 4 4 4 4 4 4 4 4 4 4 4 4 4 4 4 4 4 4 4 4 4 4 4 4 4 4 4 4 4 4 4 4 4 4 8 4 4 4 4 4 4 4 4 4 4 4 4 4 4 4 4 4 4 4 4 4 4 4 4 
4 4 4 4 4 4 4 4 4 4 4 4 4 4 4 4 4 4 4 4 4 4 4 4 4 4 4 4 4 4 4 4 4 4 4 4 4 4 4 4 4 4 4 4 4 4 4 4 4 4 4 4 4 4 4 4 4 4 4 4 4 4 4 4 4 4 4 4 4 4 4 4 4 4 4 4 4 4 4 4 4 4 4 4 4 4 4 4 4 4 4 4 4 4 4 4 4 4 4 4 
4 4 4 4 4 4 4 4 4 4 4 4 4 4 4 4 4 4 4 4 4 4 4 4 4 4 4 4 4 4 4 4 4 4 4 4 4 4 4 4 4 4 4 4 4 4 4 4 4 4 4 4 4 4 4 4 4 4 4 4 4 4 4 4 4 4 4 4 4 4 4 4 4 4 4 4 4 4 4 4 4 4 4 4 4 4 4 4 4 4 4 4 4 4 4 4 4 4 4 4 
4 4 4 4 4 4 4 4 4 4 4 4 4 4 4 4 4 4 4 4 4 4 4 4 4 4 4 4 4 4 4 4 4 4 4 4 4 4 4 4 4 4 4 4 4 4 4 4 4 4 4 4 4 4 4 4 4 4 4 4 4 4 4 4 4 4 4 4 4 4 4 4 4 4 4 4 4 4 4 4 4 4 4 4 4 4 4 4 4 4 4 4 4 4 4 4 4 4 4 4 
4 4 4 4 4 4 4 4 4 4 4 4 4 4 4 4 4 4 4 4 4 4 4 4 4 4 8 4 4 4 8 8 4 8 4 4 8 8 4 8 4 4 8 4 4 4 4 4 8 8 0 0 0 0 0 0 0 0 0 0 0 0 0 0 0 0 0 0 0 0 0 0 0 0 0 0 0 0 0 0 0 0 0 0 0 0 0 0 0 0 0 0 0 0 0 0 0 0 0 0 0 0 0 0 0 0 0 0 0 0 0 0 0 0 0 0 0 0 0 0 0 0 0 0 0 0 0 0 0 0 0 0 0 0 0 0 0 0 0 0 0 0 0 0 0 0 0 0 0 0 
0 0 0 0 0 0 0 0 0 0 152 536 0 0 272 0 0 4 16 0 0 0 4 4 0 0 0 8 4 4 4 4 0 4 16 0 0 0 4 4 0 0 0 8 4 4 4 4 0 4 16 0 0 0 4 4 0 0 0 8 4 4 4 4 0 4 16 0 0 0 4 4 0 4 0 4 8 4 0 4 8 4 0 4 8 0 4 4 0 4 0 4 8 4 0 4 8 4 0 4 8 0 4 4 0 4 0 4 8 4 0 4 8 4 0 4 8 
0 0 0 0 4 0 0 0 0 0 0 0 0 0 0 0 0 0 0 0 0 0 0 0 0 0 0 0 0 0 0 0 0 0 0 0 0 0 0 0 4 4 0 0 4 0 0 0 4 0 0 0 4 0 0 0 0 0 0 0 0 0 0 0 0 0 0 0 0 0 0 0 0 0 0 0 0 0 0 0 0 0 0 0 0 0 0 0 0 0 0 0 0 0 0 0 0 0 0 0 
4 0 0 0 0 0 0 8 8 8 8 8 0 8 8 8 8 8 8 8 8 8 8 8 8 8 8 8 8 4 0 8 4 0 0 0 4 0 0 0 0 0 0 0 0 0 0 0 4 4 8 8 4 8 4 4 4 4 4 4 4 4 4 0 4 4 4 4 0 4 4 4 4 4 4 4 4 4 4 4 4 4 4 4 4 4 4 4 4 4 4 4 4 4 4 4 4 4 4 4 
4 4 4 4 4 4 4 4 4 0 0 0 0 0 0 0 0 0 0 0 0 0 0 0 0 0 0 0 0 0 0 0 0 0 0 0 0 0 0 0 0 0 0 0 0 0 0 0 0 0 0 0 0 0 0 0 0 0 0 0 0 0 0 0 0 0 4 8 4 4 4 4 8 4 8 4 4 8 8 0 8 4 4 8 8 8 4 0 4 8 8 0 0 4 4 8 4 8 4 4 
8 8 8 8 8 8 8 8 8 8 8 4 8 4 4 4 4 4 4 4 4 4 4 4 4 4 4 8 4 4 4 8 4 4 4 4 4 4 4 4 4 4 4 4 4 4 4 4 4 12 4 0 16 4 4 4 4 4 4 4 4 4 4 4 4 4 4 4 4 4 4 4 4 4 4 4 4 4 4 4 4 4 4 4 4 4 4 4 4 4 4 4 4 4 4 4 4 4 4 4 
4 4 4 4 4 4 8 4 4 4 4 4 4 4 4 4 8 8 4 4 4 4 4 4 4 4 4 4 4 4 4 4 4 4 4 4 4 4 4 4 4 4 4 8 4 4 16 4 4 4 4 4 4 4 4 4 4 4 4 4 8 4 4 4 4 4 4 4 4 12 12 12 12 12 0 0 0 4 0 12 4 16 16 12 12 12 4 12 0 0 12 4 12 12 16 16 0 0 16 12 
12 12 16 16 12 16 16 16 12 16 16 16 12 12 12 0 12 12 4 4 4 4 4 4 8 8 4 4 8 8 4 4 4 4 8 4 4 4 4 4 4 8 4 4 4 8 4 4 4 8 8 8 8 4 4 8 4 8 8 4 4 4 8 8 8 8 8 4 8 8 8 4 0 0 0 0 12 0 0 0 4 0 0 0 12 0 0 12 12 0 0 0 0 0 0 0 0 0 0 0 
4 4 4 4 0 4 0 0 0 0 0 0 0 0 0 12 0 0 0 0 0 0 0 0 12 12 0 0 0 0 0 0 0 0 0 0 0 0 4 4 0 0 4 0 0 0 0 4 0 0 0 0 0 0 0 0 0 0 4 0 4 4 0 0 0 0 0 0 0 0 4 4 0 0 0 0 8 4 4 4 4 4 4 4 4 4 4 4 4 4 4 4 4 4 4 4 4 4 4 4 
4 4 4 4 4 4 4 4 4 4 4 4 4 4 4 4 4 4 4 8 8 8 4 4 4 0 0 0 0 0 0 0 0 0 0 0 0 0 0 0 0 0 0 0 0 0 0 0 0 0 0 0 0 0 0 0 0 0 0 0 0 0 0 0 0 0 0 0 0 0 0 0 0 0 0 0 0 0 0 0 0 0 0 0 0 0 0 0 0 0 0 0 0 0 0 0 0 0 0 0 
0 0 0 0 0 0 0 0 0 0 0 0 0 0 0 0 0 0 0 0 0 0 0 0 0 0 0 0 0 0 0 0 0 0 0 0 4 4 4 4 4 4 4 4 4 4 4 4 4 4 4 4 4 4 4 4 4 4 4 4 4 4 4 4 4 4 4 4 4 4 4 4 4 4 4 4 4 4 4 4 4 4 4 4 4 4 4 4 4 0 4 0 0 4 0 4 0 0 4 4 
4 0 4 4 4 4 4 4 4 4 4 4 0 4 4 0 0 0 0 0 0 0 0 0 0 4 4 4 4 4 4 4 4 4 0 0 0 4 4 4 4 4 4 4 4 0 4 4 4 4 4 8 8 8 4 8 4 4 4 8 4 4 4 4 4 4 4 8 4 4 4 4 8 4 4 0 4 4 4 0 4 4 4 4 8 4 4 4 4 4 4 4 4 4 4 4 4 4 4 4 
8 8 8 8 8 8 8 16 4 4 8 8 4 4 4 8 4 4 4 4 4 4 4 4 4 4 4 4 4 4 4 4 4 4 4 4 0 4 4 4 0 0 4 0 4 0 4 4 0 4 4 0 4 4 4 0 4 4 4 4 0 0 4 8 4 0 4 4 4 0 0 0 0 0 4 8 4 4 4 4 4 4 4 4 4 16 12 16 16 4 16 16 16 16 4 16 16 4 16 4 
16 16 16 16 16 16 16 16 16 4 16 16 16 4 16 16 16 16 16 16 4 16 16 4 16 16 16 16 16 0 0 0 0 8 4 16 4 4 4 0 16 16 16 16 16 16 16 0 4 0 0 0 16 16 0 4 16 16 16 16 4 4 4 4 4 0 0 16 0 16 0 16 16 0 16 0 4 16 16 0 0 4 4 4 0 4 4 4 4 4 8 4 4 4 4 16 4 4 4 4 
4 4 4 4 4 4 8 4 4 8 4 4 4 4 4 4 4 4 4 4 4 8 4 4 4 4 4 4 4 4 0 4 4 4 4 4 16 4 4 4 4 4 4 8 4 4 4 4 4 4 4 16 4 4 8 16 4 4 8 4 4 4 4 4 0 4 4 4 8 4 4 4 4 0 4 4 8 4 4 4 4 4 4 4 4 4 4 4 4 4 4 4 4 4 4 4 16 4 4 4 
4 4 4 4 4 4 4 4 4 4 4 16 4 4 4 8 4 4 4 4 4 4 4 4 4 4 4 4 16 4 4 16 4 16 0 0 16 0 0 16 16 4 0 0 4 0 4 16 0 0 0 4 16 16 0 16 0 16 16 0 0 0 16 16 8 0 0 4 0 0 0 16 0 16 0 4 16 0 4 0 4 4 8 4 4 4 4 4 4 4 4 4 4 4 4 4 4 4 4 4 
4 4 4 4 4 4 4 4 4 4 4 4 4 4 4 4 4 4 4 4 4 4 4 4 4 4 4 4 4 4 4 8 0 20 20 8 0 0 0 8 8 8 4 4 8 0 0 0 8 4 8 4 4 4 4 0 8 8 4 8 8 0 4 4 4 8 0 4 4 4 4 4 8 4 12 8 4 8 8 0 8 4 0 4 0 4 16 0 4 4 4 4 16 4 0 0 4 16 4 4 
4 4 4 4 4 4 4 4 16 4 16 16 16 16 16 16 4 16 16 4 4 4 4 4 4 4 4 4 4 4 0 0 0 0 0 0 0 0 0 0 0 0 0 0 0 0 0 0 0 0 0 0 0 0 0 0 0 0 0 0 0 0 0 0 0 0 0 0 0 0 0 0 0 0 0 0 0 0 0 0 0 0 0 0 0 4 0 4 0 12 4 12 4 4 0 0 4 4 12 12 
12 4 0 4 12 0 4 0 0 0 0 0 0 0 0 0 4 0 0 4 0 0 0 0 0 0 0 0 0 0 0 12 12 12 4 4 4 4 4 4 4 4 4 4 4 8 8 8 20 16 16 4 4 4 8 8 8 4 4 4 4 4 8 8 4 4 4 8 4 8 8 8 20 8 8 8 8 4 4 4 4 4 4 4 4 4 0 8 0 0 0 4 0 0 0 0 0 0 0 0 
4 4 4 4 4 4 4 4 4 4 4 4 4 4 0 4 4 4 4 4 4 4 0 0 0 0 0 0 0 0 4 0 4 8 0 0 4 4 4 4 4 4 4 0 4 4 4 4 4 4 0 4 4 4 4 4 4 4 0 4 4 4 4 4 4 4 4 4 4 4 4 4 4 0 4 4 4 4 4 4 4 4 4 4 4 4 4 4 8 4 8 8 8 4 8 8 16 8 8 8 
16 16 16 16 8 8 4 8 8 8 8 8 8 8 8 8 8 8 8 8 4 4 8 8 4 4 8 8 4 8 4 4 4 4 0 4 0 4 4 4 4 4 0 4 4 4 4 4 4 4 4 4 4 4 4 4 4 4 4 4 4 4 0 4 4 4 0 0 0 4 0 0 0 4 4 4 4 4 4 4 0 0 4 4 4 4 4 0 4 12 12 4 12 12 12 12 12 4 0 4 
12 12 12 12 12 12 12 12 12 12 12 12 12 12 12 12 12 12 12 12 12 12 12 4 12 12 12 12 12 12 12 12 4 4 4 0 0 4 4 4 4 0 4 4 4 4 4 0 4 4 4 4 4 4 4 4 4 4 4 0 4 4 4 4 4 4 4 4 0 4 0 4 4 4 4 4 4 4 4 0 4 4 4 4 4 4 0 4 4 4 4 0 4 4 4 4 4 0 16 16 
16 16 16 16 16 0 4 4 4 4 4 4 4 4 0 4 0 4 0 4 0 0 4 0 0 4 4 4 4 4 4 4 0 4 4 16 0 0 0 0 0 0 0 0 0 0 0 0 0 0 0 0 0 0 0 0 0 0 0 0 0 12 0 0 0 0 0 0 12 0 0 0 0 0 0 0 0 0 0 0 0 0 0 0 0 0 16 0 0 4 16 4 4 16 0 4 16 4 4 0 
4 4 4 4 4 16 4 16 16 16 16 16 16 16 4 4 4 4 4 4 16 16 16 16 16 4 4 4 4 4 4 4 4 4 4 8 4 4 4 4 4 4 4 4 4 4 4 4 4 4 4 4 4 4 4 4 4 4 4 4 8 4 4 4 4 4 4 4 4 4 4 8 4 4 4 4 4 4 4 4 4 4 4 4 4 4 4 4 0 0 0 0 0 0 0 0 0 0 0 0 
0 0 0 0 0 0 0 0 0 0 0 0 0 0 0 0 0 0 0 0 0 0 0 0 0 0 0 0 0 0 0 0 0 0 0 0 0 0 0 4 0 4 4 0 4 4 4 4 0 4 4 4 0 4 0 0 4 4 4 4 4 4 4 0 4 4 4 4 0 4 4 4 4 0 4 4 4 4 0 0 4 4 0 4 4 4 4 4 4 4 4 0 4 0 4 8 4 4 4 4 
8 8 8 8 4 4 0 0 0 0 4 4 4 4 0 0 4 4 4 4 4 4 0 4 0 0 4 4 4 4 0 0 8 8 0 0 4 4 0 4 4 4 4 4 4 4 0 0 4 4 4 4 4 4 4 4 0 0 4 4 4 4 4 4 4 4 0 0 4 4 4 4 4 4 4 4 4 4 4 4 4 4 4 4 0 4 4 4 4 4 4 4 4 4 4 4 4 0 0 0 
0 0 0 0 0 0 0 0 0 4 0 0 0 0 4 4 4 4 4 4 0 4 0 0 4 4 0 0 0 4 4 4 4 4 0 4 4 4 4 4 0 4 4 4 4 4 4 4 4 4 4 4 4 4 4 4 4 4 4 4 4 4 4 4 4 4 4 4 4 4 4 4 4 4 4 4 4 4 4 4 4 4 4 4 4 4 4 4 4 4 4 4 4 0 4 0 4 0 0 0 
4 0 0 0 0 0 0 0 0 0 0 0 0 0 0 0 0 0 0 0 0 0 0 0 0 0 0 0 0 0 0 0 0 0 0 0 0 4 0 0 12 0 0 12 0 0 12 12 12 12 0 12 0 0 12 12 12 0 12 12 12 0 12 0 0 0 0 0 12 0 0 0 12 0 12 0 0 12 0 0 12 12 0 0 0 0 0 0 12 0 0 4 4 4 4 4 0 4 4 4 
0 4 0 4 0 0 4 4 0 0 0 0 4 4 4 4 0 0 0 4 0 4 4 4 0 4 0 0 4 4 4 0 4 4 4 4 0 0 0 12 12 12 12 12 12 12 12 12 0 12 4 4 12 0 12 0 4 4 4 4 12 12 12 4 12 0 12 12 12 0 0 0 4 0 4 4 12 0 12 12 4 4 4 12 12 0 4 0 0 4 12 0 4 0 4 4 4 0 4 0 
4 4 4 4 4 4 4 4 4 4 4 4 4 4 4 4 4 4 4 4 4 4 4 0 4 4 4 4 4 4 4 4 4 4 4 4 4 4 4 0 0 0 0 0 0 0 0 0 0 0 0 0 0 0 0 0 0 0 0 0 0 0 0 0 0 0 0 0 0 0 0 0 0 0 0 0 0 0 0 0 0 0 0 0 0 0 0 0 0 0 0 0 0 0 0 4 4 0 4 0 
0 4 0 0 0 0 4 4 0 0 4 4 4 4 4 4 0 4 4 4 4 4 0 0 0 4 4 4 0 4 4 4 4 4 4 4 4 4 4 4 4 4 4 4 0 0 0 4 0 0 0 4 4 4 4 4 4 4 0 0 0 0 0 0 0 0 0 0 0 0 0 0 0 0 0 0 4 0 4 4 0 0 4 0 0 0 4 0 4 4 0 4 0 4 0 0 4 4 0 8 
8 8 8 0 8 0 0 0 0 0 0 0 4 0 0 0 4 8 4 0 0 0 0 4 4 4 0 0 0 4 0 4 4 4 0 4 4 4 4 4 4 4 4 4 4 4 16 4 4 16 4 8 4 4 4 4 4 4 4 4 4 8 4 4 8 4 4 4 4 4 4 4 4 20 8 4 4 4 4 4 8 4 4 8 8 4 4 4 4 4 8 8 16 4 4 4 4 8 8 0 
4 8 4 4 16 16 16 0 0 0 4 4 4 4 4 16 4 0 4 0 4 0 4 4 4 4 4 4 0 4 4 16 0 4 4 4 4 4 4 0 4 4 0 4 16 0 4 0 0 0 0 0 0 0 0 0 0 0 0 0 0 0 0 0 0 0 0 0 0 0 0 0 0 0 0 0 0 0 0 0 0 0 0 0 0 0 0 0 0 0 0 0 0 0 0 0 0 0 0 0 
4 0 0 0 0 0 0 4 4 4 4 4 4 4 4 4 4 4 4 4 0 4 4 4 4 4 4 4 0 0 0 0 0 0 0 0 0 0 0 0 0 0 4 4 4 4 16 4 0 4 4 4 4 4 4 4 4 0 4 4 4 4 4 4 4 4 4 4 4 4 4 4 4 4 4 4 0 4 4 4 4 4 0 4 0 4 0 4 4 4 4 4 4 4 0 4 4 4 4 4 
4 4 4 4 4 0 0 0 0 0 0 0 0 0 4 4 0 0 0 0 0 4 4 0 0 0 0 0 0 4 4 4 0 0 4 4 0 0 4 0 0 0 0 4 0 0 0 4 0 4 0 0 0 0 0 0 0 0 0 0 0 0 0 0 0 0 0 0 0 0 0 0 0 0 0 0 0 0 0 0 0 0 0 0 0 0 0 0 0 0 0 0 0 0 0 0 0 0 0 0 
0 0 0 0 0 12 12 4 4 4 0 0 0 0 0 0 0 0 0 0 0 0 0 4 0 0 0 0 0 0 0 0 0 0 0 0 0 0 0 0 0 0 0 0 0 0 0 0 0 0 0 0 0 0 0 0 0 0 4 4 8 8 16 4 8 8 8 4 4 4 0 4 0 0 0 4 4 4 0 4 4 4 4 4 4 0 4 4 4 4 4 4 0 4 8 8 4 4 4 0 
16 16 16 16 16 4 4 12 4 12 12 12 0 0 0 0 0 0 0 0 0 0 0 0 0 0 0 0 12 0 0 0 0 0 0 0 0 0 0 4 4 4 4 4 4 12 12 4 0 0 0 0 12 12 0 12 12 12 8 4 20 8 8 8 8 8 4 20 20 4 20 8 20 20 4 0 20 8 0 8 20 0 8 0 8 0 0 0 8 20 0 20 4 8 0 16 20 20 8 16 
20 20 20 20 4 4 4 4 16 16 16 16 4 16 4 4 4 0 4 4 16 4 16 4 4 4 4 4 4 4 0 0 4 0 0 0 0 0 0 0 0 0 4 0 4 4 4 4 8 0 4 4 16 0 4 4 8 8 8 8 0 8 8 0 0 0 0 0 0 8 8 0 0 0 0 0 0 0 8 0 0 0 0 0 0 0 0 0 0 8 0 0 8 0 8 0 8 0 0 0 
0 8 0 0 0 0 0 4 0 0 0 0 0 0 0 0 0 4 4 0 0 0 0 0 0 0 0 0 0 4 0 0 0 0 0 0 0 0 0 0 0 0 8 0 0 0 0 4 0 0 0 4 0 0 0 0 0 0 0 4 4 4 4 4 4 4 4 4 4 4 4 0 0 4 4 4 4 0 4 4 4 4 4 4 4 0 4 4 4 4 4 4 4 4 4 4 4 4 4 4 
4 4 4 4 4 4 4 4 0 4 0 0 4 4 4 4 4 4 4 4 4 4 4 4 4 4 4 4 4 4 4 4 4 4 0 0 4 4 4 4 4 4 0 0 4 4 4 4 4 4 0 0 4 4 4 4 4 0 4 4 0 0 4 4 4 4 4 4 4 4 4 4 4 4 4 4 4 4 4 4 4 4 4 16 4 4 4 4 4 4 4 4 4 4 4 4 4 4 4 4 
16 16 16 16 4 4 4 0 0 0 0 0 0 0 0 0 0 0 0 0 0 0 0 0 0 0 0 0 0 0 0 0 0 0 0 0 0 0 0 0 0 0 0 0 0 0 0 0 0 0 0 0 0 0 0 0 0 0 0 0 0 0 0 0 0 0 0 0 4 0 0 0 0 0 0 0 12 0 0 0 0 0 0 0 0 0 0 0 0 0 0 0 0 0 0 0 0 0 0 0 
0 0 0 0 0 0 0 0 0 0 0 0 4 4 4 4 4 4 4 4 4 4 4 4 4 4 4 4 4 4 4 4 4 4 4 4 4 4 16 4 4 4 4 4 4 4 4 4 4 4 4 4 4 4 4 4 4 4 4 4 4 4 4 0 0 0 0 0 12 0 0 4 0 0 0 0 0 0 0 0 0 4 4 12 4 0 0 0 0 12 0 12 12 0 0 0 0 0 0 12 
0 0 0 0 0 0 12 12 12 4 12 0 4 4 4 4 4 4 4 4 4 4 4 4 0 4 4 0 4 4 4 4 0 4 4 4 4 4 4 4 4 4 4 4 0 4 4 4 0 0 0 0 4 4 4 4 4 4 4 4 4 4 4 4 4 16 4 4 4 4 4 12 4 4 4 4 4 4 4 12 4 12 4 4 4 4 0 4 12 4 4 12 12 4 4 4 4 4 4 4 
16 16 16 4 12 12 12 12 4 4 4 4 4 4 4 4 4 4 4 4 4 4 4 4 4 4 4 4 4 4 4 4 4 4 4 4 4 4 4 4 4 4 4 4 4 4 4 4 4 4 4 4 4 4 4 4 4 4 4 4 4 4 4 4 4 0 4 4 4 4 4 4 4 4 0 0 16 4 4 4 4 4 4 4 4 4 4 4 4 4 4 0 4 4 4 4 0 4 4 0 
4 0 4 4 4 4 16 16 16 4 4 4 16 4 0 4 4 4 4 4 4 4 4 4 4 0 4 0 4 4 4 16 4 4 16 16 4 4 4 4 4 4 8 8 4 8 16 4 4 4 8 4 4 4 4 8 4 8 8 4 4 4 4 4 0 4 4 8 4 4 4 4 8 8 4 4 8 4 4 8 4 4 4 4 4 4 4 8 8 4 4 4 4 4 8 8 4 4 4 4 
4 4 8 4 4 4 4 4 4 4 4 8 0 0 4 4 4 0 0 8 0 4 0 4 4 4 4 4 0 0 0 0 0 0 4 0 20 4 4 4 4 0 4 4 4 4 4 4 0 4 8 4 4 4 4 4 4 0 4 0 4 4 0 0 0 0 0 0 0 0 0 0 0 0 0 0 0 0 0 0 0 0 0 0 0 0 0 0 0 0 0 0 0 0 0 0 0 0 0 0 
0 0 0 0 0 0 0 0 0 0 0 0 0 0 0 0 0 0 0 0 0 0 0 0 0 0 0 0 0 0 0 0 0 0 0 0 0 0 0 0 0 0 0 0 0 0 0 0 0 0 0 0 0 0 0 0 0 0 0 0 0 0 0 0 0 0 0 0 0 0 0 4 4 4 4 4 4 4 4 4 4 4 4 4 4 4 4 4 4 4 0 4 4 4 4 16 4 4 4 4 
16 4 4 16 16 4 16 16 16 16 16 16 4 4 4 4 4 4 4 0 0 0 0 0 0 0 0 0 0 0 8 0 0 0 0 0 0 0 0 0 0 0 0 0 0 0 0 0 0 0 0 0 0 0 0 0 0 0 0 0 0 0 0 0 0 0 0 0 0 0 0 0 0 0 0 4 0 0 0 0 8 0 0 0 0 4 0 0 0 0 4 0 4 0 4 0 0 8 0 0 
4 4 4 0 4 4 4 4 4 4 4 4 4 4 4 4 4 4 0 4 4 4 4 4 4 4 4 4 4 4 4 4 4 4 4 4 4 4 4 4 4 4 4 4 4 4 4 4 4 4 4 4 4 4 4 4 4 4 4 4 4 4 4 4 4 4 4 4 4 4 4 4 4 4 4 0 4 4 0 4 4 0 0 0 0 0 0 4 0 4 0 0 12 0 0 4 0 0 12 0 
12 12 12 12 12 12 12 12 12 12 12 0 12 0 12 4 12 12 12 0 12 12 4 4 4 4 4 4 4 4 4 4 4 4 0 4 4 4 4 4 4 4 4 4 4 4 4 4 4 4 8 4 4 8 4 0 8 4 4 4 4 8 4 4 4 4 4 4 4 4 4 4 4 4 4 4 4 0 0 0 0 0 0 0 0 0 0 8 0 8 0 0 0 4 0 0 0 0 0 0 
0 0 0 0 0 0 0 0 0 0 0 0 0 4 4 0 0 0 4 0 0 0 0 0 4 4 4 4 4 4 4 4 4 4 4 4 4 4 4 4 4 4 4 4 4 4 4 4 4 4 4 4 4 4 4 4 4 4 4 8 4 4 4 4 4 4 4 4 4 4 4 4 4 4 4 4 4 4 4 0 0 4 0 16 0 0 0 4 0 0 0 0 0 0 0 0 0 0 0 4 
16 12 16 4 16 16 4 4 4 0 0 4 4 0 0 0 0 0 4 0 0 0 0 0 0 0 0 4 4 0 0 4 4 0 0 0 0 0 0 0 0 4 12 4 0 0 0 12 4 0 0 4 0 0 16 12 12 12 12 0 12 0 0 0 12 0 0 0 0 0 4 0 0 12 12 0 0 0 0 0 4 4 4 4 4 4 4 4 16 4 4 8 4 4 4 4 4 4 4 4 
16 16 16 16 16 16 16 16 16 16 16 16 16 16 16 16 16 16 16 16 4 8 4 4 4 4 4 4 0 0 0 0 0 0 0 0 0 0 0 0 0 0 0 0 0 0 0 0 0 0 0 0 0 0 4 4 4 4 0 0 0 0 0 0 4 0 0 0 0 0 4 0 0 0 0 0 0 0 0 0 0 0 0 0 4 4 4 4 8 8 4 4 8 4 8 8 4 8 8 8 
8 8 8 4 8 8 4 4 4 0 0 0 0 0 0 4 4 4 8 8 8 8 8 8 8 8 8 8 8 8 8 16 4 8 8 8 16 16 8 16 16 16 16 16 16 16 16 4 8 8 8 16 16 16 16 16 16 20 16 16 4 16 4 0 16 0 4 4 4 0 0 0 0 0 0 16 16 8 4 0 0 8 4 0 4 4 4 4 4 4 4 4 4 4 4 4 4 16 8 8 
4 4 4 4 4 4 4 4 4 4 4 4 4 4 4 4 4 4 4 4 4 4 4 4 4 4 4 4 4 4 4 4 20 20 20 20 20 20 20 20 4 16 20 20 20 20 4 4 0 20 20 20 20 20 20 20 20 20 4 4 20 20 20 20 20 20 16 20 20 20 20 8 20 20 20 20 20 20 20 20 16 20 4 4 4 4 4 4 16 4 4 4 8 4 4 4 4 4 16 4 
4 4 4 4 4 4 4 4 4 4 4 4 4 4 4 4 4 4 4 4 4 0 4 4 4 4 4 4 4 4 4 4 4 4 4 4 4 0 4 4 0 4 4 4 0 4 4 4 4 0 4 4 4 4 4 4 4 4 4 4 4 4 4 4 4 0 4 4 4 4 0 4 4 4 4 4 4 4 4 4 4 4 0 4 4 4 4 4 4 4 4 4 4 8 4 4 4 4 4 4 
8 8 4 4 4 4 4 4 4 4 4 4 4 4 4 4 4 4 4 4 4 4 4 4 4 4 4 4 4 4 4 0 4 4 4 4 4 4 0 4 0 4 0 24 4 4 4 0 4 4 4 12 4 0 0 12 4 4 12 4 4 4 4 4 4 4 4 4 4 4 4 4 4 4 4 4 4 4 4 4 4 4 4 4 4 4 4 4 4 4 4 8 4 4 4 4 4 4 20 4 
4 4 4 4 4 20 4 20 20 20 8 4 4 8 8 8 8 8 4 4 4 4 4 4 4 4 4 8 4 8 4 0 0 0 0 0 0 0 0 0 0 0 0 0 0 0 4 0 0 0 0 0 0 0 0 0 0 4 4 0 0 0 0 0 0 0 4 0 0 0 0 0 0 0 0 0 4 4 4 12 0 0 4 4 0 0 4 4 4 4 0 0 4 12 4 12 4 4 4 4 
0 4 0 0 0 4 0 0 0 0 0 0 0 0 0 0 0 0 4 12 12 12 12 12 4 4 4 12 12 4 12 12 12 4 4 4 4 4 4 4 4 4 4 4 4 4 4 4 4 4 4 4 4 4 4 4 4 4 4 4 4 4 4 4 0 4 4 4 4 4 0 4 4 4 4 4 4 4 4 4 4 4 4 4 4 4 4 8 4 4 4 8 8 8 8 8 0 0 8 8 
0 0 0 0 0 0 0 0 0 0 0 0 0 0 0 0 0 0 0 0 8 16 8 8 16 8 8 8 0 4 4 0 8 0 20 8 0 0 20 20 16 8 20 0 0 0 20 20 20 0 0 4 8 0 20 8 0 20 0 20 0 20 20 8 20 8 4 20 8 20 4 8 0 4 8 8 8 8 20 20 16 4 0 0 0 20 0 8 4 4 8 4 8 8 8 8 8 4 8 8 
4 16 4 4 4 4 4 8 16 4 4 4 4 8 4 4 4 4 4 4 8 8 4 4 4 4 8 8 16 8 4 4 0 16 4 4 4 4 4 4 8 4 4 4 4 4 4 4 4 4 4 4 4 4 4 4 4 4 4 4 4 4 4 4 4 4 4 4 4 4 4 4 4 4 4 4 4 4 4 4 4 4 4 4 4 4 4 4 4 4 4 4 4 4 4 4 4 4 4 4 
4 4 4 4 4 4 4 4 4 4 4 4 4 4 4 4 4 4 4 4 4 4 4 4 4 4 4 4 4 4 4 4 4 4 4 4 0 0 0 0 0 0 0 0 0 0 0 0 0 0 0 0 0 0 0 0 0 0 0 0 0 0 0 0 0 0 0 0 0 0 0 0 0 0 0 0 0 0 0 0 0 0 0 0 0 0 0 0 0 0 0 0 16 0 16 4 16 16 0 0 
16 16 16 16 16 16 16 16 4 16 16 16 16 16 16 16 16 16 16 16 16 16 16 16 16 16 16 16 16 0 16 0 16 0 8 16 4 0 4 0 0 4 4 12 4 0 12 0 4 4 4 4 16 4 0 0 0 0 4 0 0 0 0 0 4 0 0 4 0 0 4 4 4 0 4 4 4 4 0 0 0 0 4 16 4 4 0 4 4 4 4 8 4 4 4 8 16 0 4 16 
8 16 8 8 8 8 4 16 8 4 4 8 16 16 16 16 16 16 4 4 4 4 4 4 8 8 4 8 0 0 0 0 16 16 0 16 8 8 8 8 0 0 0 0 0 0 0 0 0 0 0 0 0 0 0 0 0 0 0 0 0 0 0 0 0 0 0 0 0 0 0 0 0 0 0 0 0 0 0 0 0 0 0 0 0 0 0 0 0 0 0 0 0 0 0 4 4 4 0 4 
12 12 12 12 4 4 4 4 4 4 4 4 4 4 4 4 12 4 12 12 12 0 12 12 12 12 12 12 0 0 0 0 0 0 0 0 12 12 12 12 12 12 0 4 4 4 4 4 4 4 4 4 4 4 4 4 4 4 4 4 4 4 4 4 4 4 4 4 4 4 4 4 4 4 4 4 4 4 4 4 4 4 4 4 4 4 4 4 4 4 4 4 4 4 16 4 4 4 4 4 
4 4 4 4 4 4 4 4 4 4 4 8 4 4 4 4 4 4 4 4 4 4 4 4 4 4 4 4 4 4 8 4 4 4 4 4 4 4 4 4 4 4 4 0 0 0 0 12 0 0 0 0 0 0 0 0 0 12 0 0 0 0 0 0 0 0 0 0 0 0 0 0 0 0 0 0 0 0 0 0 0 0 0 12 12 0 0 12 0 0 0 0 0 0 0 0 0 0 4 4 
4 4 4 4 4 4 4 4 4 4 4 4 8 8 8 8 4 4 4 4 4 4 4 4 4 4 4 4 4 4 4 4 4 4 4 4 4 4 8 4 4 4 4 4 4 0 4 4 0 4 0 0 0 0 0 0 0 0 4 0 0 0 0 0 0 0 0 0 0 0 4 0 0 0 0 0 0 0 0 0 0 0 0 0 0 4 0 0 4 0 0 0 0 0 4 0 0 0 0 4 
0 0 0 0 0 0 0 0 0 0 0 0 16 16 16 12 4 4 4 12 12 12 4 12 12 12 4 12 12 12 16 16 12 0 16 4 12 0 0 4 0 4 0 0 0 0 0 4 4 12 12 0 0 12 12 12 4 4 4 0 4 0 4 4 0 12 0 12 12 12 4 12 0 12 0 12 0 0 12 12 0 12 12 12 4 4 4 0 0 12 0 0 4 4 0 12 12 12 0 0 
4 4 4 4 4 4 4 4 4 4 4 4 4 4 4 4 4 4 4 4 4 4 4 4 4 4 4 4 4 4 4 4 4 4 4 4 4 4 4 4 4 4 4 4 4 4 4 4 4 4 4 4 0 0 0 4 0 0 0 0 4 4 4 0 0 0 0 0 4 4 0 0 0 4 0 0 0 4 0 0 4 0 0 0 0 4 4 0 4 4 0 0 0 0 0 0 0 4 0 0 
4 4 4 4 4 4 4 4 4 4 4 0 4 4 4 0 0 4 4 0 0 4 0 0 0 4 0 4 0 4 0 0 4 4 4 4 4 0 0 4 4 4 0 4 4 4 0 4 4 4 0 0 0 0 4 4 4 4 4 20 4 16 4 20 4 4 4 4 4 20 20 4 4 4 4 4 4 20 4 0 4 4 4 20 4 4 4 4 4 4 4 16 4 4 4 4 0 0 4 4 
20 4 4 4 4 4 4 4 4 4 4 4 4 4 4 4 4 4 4 4 4 4 4 4 4 4 4 4 4 4 4 4 4 4 0 4 4 4 4 4 4 4 4 0 4 0 4 8 4 4 4 4 4 4 4 4 4 4 4 0 0 4 4 0 4 4 4 4 0 4 0 4 4 4 4 4 0 4 4 0 4 4 4 4 4 4 4 4 4 4 4 4 0 4 4 4 4 4 4 4 
4 4 16 4 4 4 4 4 4 4 4 4 4 4 4 4 4 4 4 4 4 4 4 4 4 4 8 4 8 4 4 4 4 4 4 4 4 4 8 4 4 4 4 4 4 4 4 4 4 4 16 4 4 4 4 0 4 4 4 0 0 4 4 4 0 0 4 4 4 4 4 4 4 0 4 0 4 0 4 4 4 4 0 0 4 0 4 4 4 4 0 0 0 0 0 4 4 4 4 4 
0 0 0 0 12 0 0 0 0 0 0 0 16 16 0 0 0 12 12 0 12 12 12 0 0 4 0 0 12 12 0 0 12 12 12 12 0 12 0 12 0 0 12 0 0 12 12 12 0 0 0 0 0 0 0 4 0 16 16 0 4 8 16 16 16 4 4 16 4 16 4 16 16 16 16 16 16 16 8 8 8 16 0 16 16 4 4 16 8 16 16 16 16 8 16 16 16 16 16 16 
16 16 16 0 4 4 0 0 4 4 4 4 0 4 4 4 4 4 4 4 4 4 4 4 4 4 4 4 0 0 16 0 4 4 4 4 4 4 4 4 8 4 4 4 4 4 4 4 4 4 4 4 4 4 4 8 4 4 0 0 4 4 4 4 4 4 4 4 4 4 4 4 4 4 4 4 4 4 4 4 4 0 4 0 4 4 4 4 4 4 4 4 4 4 4 4 4 4 4 4 
4 4 4 4 4 4 8 16 8 0 0 4 16 16 8 4 4 4 4 4 4 4 4 4 0 4 4 4 4 4 4 4 4 4 4 4 4 4 4 4 4 4 4 4 8 8 4 8 4 4 4 4 4 4 4 4 4 4 4 4 4 4 4 4 4 4 4 4 4 4 4 4 4 4 4 4 4 4 4 4 4 4 4 4 4 4 4 4 4 4 4 4 4 4 4 4 4 4 4 4 
4 4 4 4 4 4 4 4 4 4 4 4 4 0 4 4 4 4 4 0 0 4 0 0 4 4 4 4 4 4 4 0 4 4 4 0 4 4 0 4 4 4 4 4 4 4 0 4 4 4 4 4 0 4 4 4 0 4 0 4 4 0 4 16 4 4 0 4 0 4 4 4 4 0 0 0 4 0 4 0 4 4 4 4 4 4 16 4 4 4 4 4 4 4 4 0 4 0 4 16 
16 16 0 4 16 4 4 4 0 0 0 0 4 0 0 0 0 0 0 0 0 0 12 0 0 0 0 0 0 0 0 0 0 0 4 0 4 0 0 0 0 0 0 0 0 0 0 0 0 0 0 0 0 0 0 12 0 0 12 4 4 0 0 4 12 0 0 0 0 0 0 0 4 4 4 4 12 0 12 0 0 12 4 4 0 0 4 4 0 12 0 4 4 4 4 4 4 4 4 12 
4 4 4 4 4 4 4 0 0 0 0 0 0 0 0 0 0 0 0 0 0 0 0 0 0 0 0 0 0 0 0 0 0 0 0 0 0 0 0 0 0 0 0 0 0 0 0 0 0 0 0 0 0 0 0 0 0 0 0 0 0 0 0 0 4 4 0 0 0 0 0 0 0 0 0 0 4 0 0 4 0 0 0 0 0 0 0 0 4 0 0 0 0 0 0 0 4 0 4 0 
4 0 0 0 0 0 0 4 4 4 4 4 4 0 4 4 4 4 0 4 4 4 4 4 4 4 4 4 4 4 4 4 4 0 0 0 4 0 0 0 0 0 4 4 4 4 4 4 4 4 4 4 4 4 4 4 4 4 4 4 4 4 0 4 4 4 4 4 4 4 4 4 4 4 4 4 4 4 4 4 4 4 4 4 4 4 4 4 4 4 16 4 4 4 4 4 4 4 4 4 
16 16 8 16 4 4 4 4 4 4 4 4 4 0 4 4 4 0 4 4 4 4 4 4 4 4 4 4 4 0 0 0 0 0 0 0 0 0 0 0 0 4 0 0 0 0 0 0 0 0 0 0 0 4 4 0 4 4 4 4 4 4 4 4 4 4 0 0 0 0 0 0 0 0 4 0 0 0 0 0 0 0 0 4 0 0 0 0 0 0 0 4 4 4 0 0 4 0 4 4 
0 0 0 0 0 0 0 0 0 0 0 0 0 0 0 0 0 0 0 0 0 4 4 4 4 4 4 4 4 4 4 4 4 4 4 4 4 4 4 0 4 4 4 4 4 4 4 4 4 4 4 4 4 8 4 0 8 4 4 0 4 4 4 4 4 4 4 0 4 0 0 4 0 0 0 0 16 0 0 0 0 0 0 0 0 0 4 0 0 0 0 0 0 4 0 0 0 0 0 0 
16 0 16 16 16 16 16 4 4 4 0 0 0 0 0 0 4 4 4 4 4 4 4 16 4 4 4 4 4 4 4 4 4 4 4 4 4 4 4 4 16 4 4 4 4 4 4 4 4 4 4 4 4 4 4 4 4 4 4 4 4 4 4 4 4 4 4 4 0 0 0 0 0 0 0 0 0 0 0 0 0 0 0 0 0 0 0 0 0 0 0 0 0 0 0 0 0 0 0 0 
0 0 0 0 0 0 0 0 0 0 0 0 0 0 0 0 0 0 0 0 0 0 0 0 0 0 0 0 0 0 0 0 0 0 0 0 0 0 0 0 0 0 0 0 0 0 0 0 0 0 0 0 0 0 0 0 0 0 0 0 0 0 0 0 0 0 0 0 0 0 0 0 4 4 8 4 4 4 4 4 4 4 4 4 4 4 4 4 4 4 4 4 4 4 8 8 8 4 4 4 
8 8 8 8 8 8 8 8 8 8 8 8 8 8 8 8 8 8 8 0 0 0 0 0 4 4 4 4 4 4 0 0 0 0 0 0 4 4 4 4 0 0 4 4 4 4 4 4 4 4 4 4 4 4 4 4 4 4 4 4 4 4 4 4 4 4 0 0 0 8 8 8 0 0 0 0 4 0 0 0 0 0 0 0 0 0 0 4 4 4 0 0 0 0 0 0 0 4 0 0 
0 0 0 0 0 0 4 0 0 0 0 0 0 0 4 4 4 4 4 4 4 4 8 8 4 4 4 4 4 4 4 4 4 4 4 4 4 4 4 4 4 4 4 4 4 0 0 4 4 4 4 16 4 4 4 4 16 4 4 4 4 4 4 16 8 8 4 16 16 4 4 4 4 20 20 4 0 4 0 4 4 8 4 4 4 4 0 4 4 4 4 8 20 0 4 4 8 4 4 4 
20 20 20 20 20 4 20 20 20 20 20 0 8 8 8 16 4 16 16 4 4 4 4 4 0 0 0 4 4 4 4 4 0 4 4 4 4 0 4 0 4 4 4 4 4 4 4 0 4 0 4 4 4 4 4 4 4 4 4 4 4 4 4 4 4 4 4 4 0 4 0 4 4 4 0 4 4 0 12 0 12 4 0 0 0 4 0 0 12 0 0 4 0 0 4 4 4 0 0 4 
12 12 12 12 12 12 12 12 0 12 12 12 12 12 12 12 12 12 12 0 4 0 0 4 0 0 0 0 0 0 0 0 0 0 0 0 4 0 4 4 4 4 4 16 16 4 4 4 4 0 4 4 4 4 4 0 0 4 0 4 8 0 0 0 0 4 4 4 4 4 4 4 0 0 4 4 0 4 0 4 4 4 4 0 4 4 4 4 4 4 4 0 4 4 0 0 0 4 4 0 
4 4 4 4 4 4 4 4 4 4 4 4 4 4 4 4 4 4 4 4 4 8 8 8 8 8 8 0 8 8 8 8 8 8 8 8 8 8 8 8 8 8 8 8 8 8 8 8 8 8 8 8 8 8 8 8 8 8 8 8 8 8 8 8 8 8 8 8 8 8 8 8 8 8 4 8 4 4 4 4 4 4 4 0 4 8 0 8 4 4 0 4 0 8 8 4 8 0 8 8 
4 4 0 4 4 4 0 4 4 4 4 0 4 8 0 4 8 8 4 8 4 4 4 4 4 4 4 4 4 0 4 4 4 4 4 4 4 4 4 0 4 0 4 4 4 4 4 4 4 4 4 4 4 4 4 4 4 0 4 4 4 4 4 0 4 4 4 4 4 4 4 4 4 4 4 0 0 4 0 0 0 0 0 0 0 4 0 4 0 4 4 4 0 4 0 0 4 4 4 4 
0 0 0 0 0 0 0 0 0 4 0 4 0 0 0 0 0 0 0 0 4 0 4 0 0 0 0 0 0 0 4 0 0 0 4 0 0 4 0 0 0 0 0 0 0 0 0 0 0 4 0 4 4 0 0 0 0 0 0 0 0 0 0 0 0 0 0 0 0 0 0 4 0 0 0 4 0 4 4 4 0 4 4 4 0 4 4 4 4 4 0 4 4 4 0 4 4 4 4 0 
4 4 4 4 4 4 4 4 4 4 4 4 4 4 4 4 4 4 0 0 0 0 0 0 4 4 4 16 20 4 4 4 4 4 4 0 4 4 4 4 4 4 0 4 0 0 0 0 8 4 8 4 4 4 4 8 4 4 4 4 0 0 0 16 0 0 4 4 0 0 0 0 4 4 4 0 0 0 0 4 4 4 0 4 4 4 4 4 4 4 0 4 4 4 4 4 4 16 4 0 
4 4 4 4 4 4 16 16 16 16 16 16 16 4 4 4 4 4 4 4 4 4 4 4 4 4 8 4 4 4 4 4 4 4 4 16 4 4 4 4 4 4 16 4 4 4 4 4 4 4 4 4 4 4 4 4 4 4 4 4 4 8 4 8 8 8 8 8 4 4 4 4 4 4 4 4 4 4 4 4 4 4 4 4 4 4 0 0 0 0 0 4 4 4 4 0 4 0 0 4 
4 4 4 4 4 4 4 4 0 4 4 4 4 4 4 4 4 4 4 4 4 4 4 4 4 4 4 0 4 4 0 0 0 4 0 8 8 0 8 8 8 8 0 8 0 8 0 8 8 8 8 8 0 8 8 0 0 0 0 8 0 8 8 8 0 0 0 0 8 8 8 0 8 8 8 0 8 0 0 8 8 0 0 0 8 0 8 0 8 0 0 0 0 0 0 0 0 0 0 0 
0 0 0 0 0 0 0 0 0 0 0 0 0 0 0 0 0 0 0 0 0 0 0 0 0 0 0 0 0 0 0 0 0 0 0 0 0 0 0 4 4 4 4 4 4 4 4 4 4 4 4 4 4 4 4 4 4 4 4 4 4 4 4 4 4 4 4 0 4 4 0 4 4 0 4 4 4 4 4 4 0 4 4 4 4 4 4 4 4 4 4 4 0 4 4 4 0 0 4 4 
4 4 4 4 4 4 0 0 0 8 4 4 4 4 4 0 0 0 0 4 4 4 4 4 4 4 4 4 0 4 4 8 4 0 0 4 4 4 4 4 4 16 16 16 16 16 4 4 4 4 4 4 4 4 16 4 16 4 4 4 16 16 16 4 16 4 4 16 16 4 4 4 4 4 4 16 16 16 4 16 4 4 8 16 16 4 16 16 4 16 4 16 16 4 0 4 4 4 0 4 
4 4 4 4 4 4 4 4 4 4 4 4 4 4 4 4 4 4 4 4 4 4 4 4 4 4 4 4 4 4 4 0 4 4 4 4 4 4 4 4 4 4 4 4 4 4 4 4 4 4 8 4 4 4 4 8 4 4 4 4 4 4 4 4 4 4 4 4 4 4 8 4 4 4 4 4 4 4 4 4 4 8 4 8 4 4 4 4 4 4 4 4 4 16 8 4 4 4 0 4 
16 16 16 4 4 8 4 8 8 4 4 0 16 4 4 4 4 16 4 4 0 8 4 4 4 4 4 16 4 4 0 4 0 4 4 4 0 0 4 8 4 4 12 4 4 0 4 4 4 4 4 4 4 0 4 4 4 4 16 4 16 16 4 4 12 16 4 4 16 0 4 12 0 4 12 4 4 16 12 12 12 4 4 4 4 12 4 4 0 4 16 4 4 4 4 4 4 4 4 0 
4 4 4 4 0 0 0 0 0 0 4 4 4 4 0 0 4 4 4 4 4 4 4 4 4 4 4 4 4 4 4 4 4 4 4 16 4 16 4 4 4 4 4 4 4 0 0 12 0 4 4 4 0 16 4 0 16 0 0 16 4 4 4 4 4 4 4 0 0 4 0 0 0 4 4 0 16 0 0 4 4 4 0 4 4 0 4 0 4 4 16 4 4 4 0 0 0 0 0 0 
0 0 0 0 0 0 0 0 0 0 0 0 0 0 0 0 0 0 0 0 0 0 0 0 0 0 0 0 0 0 0 0 0 0 0 0 0 0 0 0 0 0 0 0 0 0 0 0 0 0 0 0 0 0 0 0 0 0 0 0 0 0 0 0 0 0 0 0 0 0 0 0 0 0 0 0 0 0 0 0 0 0 0 0 0 0 0 0 0 0 0 0 0 0 0 0 0 0 0 4 
4 4 4 4 4 4 4 4 0 4 4 4 4 0 4 4 4 4 4 4 4 4 4 4 4 4 4 4 4 4 4 0 4 4 4 4 4 4 4 4 4 4 4 4 4 4 4 4 4 4 4 4 4 4 4 4 4 4 4 4 0 4 4 4 4 4 4 4 4 4 4 4 4 4 4 4 4 4 4 4 4 4 4 4 4 4 4 4 4 4 4 4 0 4 4 4 4 4 4 4 
4 4 4 4 4 4 4 4 4 4 16 4 4 4 4 4 12 4 4 4 4 4 4 4 4 4 4 4 4 4 4 4 4 4 12 4 4 12 4 4 4 4 4 4 4 4 4 4 4 4 4 4 4 4 4 4 4 4 4 4 4 4 4 4 4 4 4 4 4 4 4 4 4 4 4 4 4 4 4 4 4 4 0 4 4 4 4 4 4 4 4 4 4 4 4 4 4 4 4 4 
0 0 0 4 4 4 4 4 4 4 4 4 4 4 4 4 4 4 4 4 0 4 4 4 4 4 4 4 4 4 4 4 4 0 4 4 4 0 4 4 4 4 4 4 4 4 4 16 16 16 0 16 0 16 16 16 16 16 16 20 16 0 16 16 16 16 16 16 16 16 16 16 16 16 16 16 16 4 0 16 16 16 16 16 16 16 16 16 4 16 16 16 16 16 16 16 16 16 16 0 
0 0 0 0 0 0 0 0 0 0 0 0 0 0 0 0 0 0 0 0 0 0 0 0 0 0 0 0 0 0 0 0 0 0 0 0 0 0 0 0 0 0 0 0 0 0 0 0 0 0 8 4 8 8 8 16 8 8 8 8 8 8 8 8 4 4 8 8 8 0 16 8 0 8 8 8 8 8 8 8 4 8 8 0 8 0 20 4 8 8 20 8 16 4 8 8 8 8 8 8 
4 4 4 4 4 4 4 4 4 4 4 4 4 4 4 4 4 4 4 4 4 4 4 4 4 4 4 4 4 4 4 4 4 4 4 4 4 4 4 4 4 0 4 4 4 4 4 4 4 4 4 4 0 0 0 0 0 0 0 0 0 0 0 0 0 0 0 0 0 0 0 0 0 0 0 0 0 0 0 0 0 0 0 0 0 0 0 0 0 0 0 0 4 0 0 0 0 0 0 0 
0 0 8 4 8 8 4 8 8 8 16 16 8 8 8 8 8 8 8 4 4 8 8 8 4 4 8 4 8 8 8 8 4 4 4 4 4 4 4 4 8 4 8 8 8 4 4 4 4 4 4 4 4 8 4 0 4 4 4 0 16 4 0 0 0 0 4 4 4 4 0 4 4 4 8 8 0 4 4 0 4 0 4 4 0 0 8 4 4 4 0 8 4 4 4 4 0 0 4 4 
0 0 16 4 4 4 16 16 16 16 4 4 16 16 16 16 16 16 4 8 16 4 4 16 16 4 16 4 4 16 16 16 4 16 16 4 16 16 16 4 4 16 16 8 16 20 4 8 4 16 4 8 4 16 20 20 20 4 4 8 20 4 8 8 4 16 16 4 4 8 4 4 20 4 20 4 8 20 20 4 20 8 4 8 16 8 20 4 4 4 4 4 20 4 8 4 4 20 4 4 
4 4 4 0 4 4 4 4 4 0 4 0 4 4 0 4 4 4 0 4 0 0 0 4 4 4 0 0 0 16 0 0 4 0 4 4 4 4 4 4 0 4 4 4 0 4 4 4 4 4 0 4 0 4 8 4 0 8 4 16 4 4 4 4 8 16 4 4 8 8 4 8 4 4 8 8 8 4 8 4 8 16 16 8 8 8 4 8 8 8 4 8 16 4 4 8 16 16 8 8 
4 12 12 12 12 12 0 0 0 0 0 12 0 0 0 12 12 12 0 0 0 12 0 12 0 0 0 0 0 0 0 0 0 0 0 0 0 4 12 12 0 0 0 0 0 12 0 0 0 0 12 4 0 0 4 0 0 0 4 0 4 0 4 0 0 4 0 4 4 0 0 0 0 4 4 4 0 0 0 0 0 4 0 4 0 0 0 0 4 4 4 0 0 4 0 0 0 4 0 0 
0 0 0 0 0 0 0 0 4 4 4 4 4 4 4 4 4 4 4 4 4 4 4 4 4 0 4 4 4 4 4 4 4 4 4 4 4 4 4 4 4 4 4 4 4 4 4 4 4 4 4 4 4 4 4 4 16 16 16 16 4 16 16 16 4 16 16 16 16 16 16 0 0 16 4 16 16 16 4 16 16 16 16 16 16 16 16 16 16 16 16 16 16 4 16 16 16 4 4 4 
0 0 0 0 0 0 0 0 0 0 0 0 0 0 0 0 0 0 0 0 0 0 0 0 0 0 0 0 0 0 0 0 0 0 0 0 0 0 0 0 0 0 0 0 0 0 0 0 0 0 0 0 0 0 4 4 0 0 0 4 0 4 4 4 4 4 4 4 4 4 4 4 4 4 0 4 4 4 0 4 4 4 4 4 4 4 4 4 4 4 16 4 0 4 4 4 0 4 4 0 
16 16 16 4 4 4 4 4 4 4 0 0 0 0 0 0 12 12 12 12 0 0 0 0 12 4 0 0 0 0 0 0 12 12 12 12 0 0 0 0 0 0 0 0 12 4 12 12 4 0 0 0 0 0 0 12 0 4 4 4 4 4 4 4 4 4 4 4 4 4 12 12 4 4 4 4 4 12 12 12 4 4 12 4 4 4 4 4 4 4 4 4 4 4 4 12 4 12 4 4 
12 4 4 12 12 0 0 0 0 0 0 4 4 0 0 4 4 4 4 4 4 0 0 16 16 4 16 16 4 4 4 4 4 4 4 4 4 4 4 4 4 16 16 4 4 4 4 4 4 0 0 4 4 4 0 4 4 4 4 4 4 16 0 16 0 0 12 16 0 16 12 12 0 0 12 16 0 12 0 0 0 12 0 0 8 0 12 0 12 16 0 0 0 0 0 4 8 0 16 0 
0 0 0 20 16 20 4 0 0 0 0 0 0 0 0 0 0 0 0 0 0 0 0 0 0 0 0 0 0 0 0 0 0 0 0 0 0 0 0 0 0 0 0 0 0 0 0 0 0 0 0 0 0 0 0 0 0 0 0 0 0 0 0 4 8 4 4 4 4 4 4 4 4 4 4 4 0 8 4 4 4 4 4 4 4 4 4 4 0 8 4 4 4 4 4 8 4 0 4 4 
4 4 4 4 4 4 4 4 4 4 4 4 4 4 4 4 4 4 16 0 4 16 16 16 16 4 4 0 4 4 4 4 4 4 4 4 4 4 4 4 4 0 0 16 4 4 4 16 4 8 16 0 0 4 16 0 8 16 8 0 4 16 4 4 0 4 4 16 16 8 0 16 8 16 4 16 4 4 8 16 16 4 0 0 0 16 0 4 0 16 16 16 8 16 8 4 4 8 16 16 
16 16 16 16 16 16 0 0 16 16 16 16 16 4 4 4 4 4 4 4 4 4 4 4 4 4 20 4 4 4 20 20 4 4 4 4 0 4 4 4 4 4 0 0 4 4 4 4 4 4 4 4 4 4 4 4 4 4 4 4 4 4 4 20 4 0 4 4 0 4 4 4 4 4 4 4 4 4 4 4 4 4 4 4 4 4 0 4 4 4 4 4 4 4 4 4 4 4 4 4 
4 4 0 4 4 4 4 4 4 4 4 4 4 4 4 0 0 0 0 0 0 0 0 0 0 0 0 0 0 0 0 0 0 0 4 0 0 0 0 0 0 12 0 0 0 0 0 0 0 0 0 0 4 0 0 0 0 0 0 0 0 4 0 0 0 0 0 0 0 0 0 0 0 4 0 0 0 0 0 0 4 0 0 4 0 0 0 0 0 0 4 4 0 0 0 0 4 0 0 0 
0 0 4 0 0 0 0 0 4 4 0 0 4 0 4 4 4 4 4 4 4 4 4 4 4 4 4 4 4 4 4 0 8 8 8 4 4 4 4 4 4 8 4 8 8 8 4 8 4 8 8 8 4 4 4 4 4 4 4 4 4 4 8 8 8 8 8 8 8 8 8 8 8 12 12 12 12 0 0 0 12 0 0 16 12 0 16 12 4 4 16 0 12 16 12 12 12 12 12 4 
16 16 16 4 16 16 16 16 12 12 12 12 4 12 12 12 12 12 12 12 0 0 0 0 0 0 0 0 0 0 0 0 0 0 0 0 0 0 0 0 0 0 0 0 0 0 0 0 0 0 0 0 0 0 0 0 0 0 0 0 0 0 0 0 0 0 0 0 0 0 0 0 0 0 0 0 4 4 4 4 0 4 4 4 4 0 0 4 4 4 4 4 0 0 4 0 4 4 4 4 
4 0 0 0 4 4 4 4 4 4 4 4 4 4 4 4 4 4 4 4 4 4 4 4 4 16 16 16 4 4 4 4 12 12 16 16 12 16 12 16 16 16 16 16 16 16 4 16 16 16 16 16 16 16 16 4 16 16 16 16 16 16 4 16 12 4 16 4 16 0 16 16 16 12 16 4 4 4 4 4 12 4 4 4 4 4 4 4 4 4 4 4 4 12 4 4 4 4 4 4 
4 4 4 4 4 4 4 4 4 4 4 4 4 4 4 4 4 4 4 4 4 4 4 4 4 4 4 4 4 0 4 4 4 4 4 4 4 4 16 4 0 0 4 0 4 4 8 0 4 0 0 4 4 4 4 4 4 4 0 4 0 4 4 4 0 4 0 0 4 4 4 4 4 4 0 4 16 4 12 0 12 12 12 12 12 12 12 12 12 12 12 0 12 12 12 12 12 12 12 12 
4 4 12 12 12 12 12 12 12 12 12 12 12 12 12 12 12 12 12 12 0 12 12 12 12 4 4 8 4 4 4 4 4 4 4 4 20 20 4 4 4 4 4 4 4 4 0 4 4 4 4 4 4 4 4 4 4 4 4 4 4 4 4 4 4 4 4 4 4 4 4 4 8 4 4 4 4 4 4 4 4 4 4 4 4 4 0 4 4 8 4 4 4 4 4 4 8 4 4 4 
4 8 8 4 4 4 4 8 4 4 4 0 0 8 8 4 4 4 8 8 4 4 8 4 4 4 4 4 8 4 8 8 4 16 4 4 4 4 4 4 4 4 4 4 4 4 4 4 4 4 4 0 4 4 4 4 4 4 4 4 4 4 4 4 4 4 4 4 4 4 4 4 4 4 4 4 4 4 4 4 4 4 4 4 4 4 4 4 4 4 4 4 0 4 4 4 4 4 4 4 
4 4 4 4 0 0 4 0 4 4 0 0 4 0 4 20 0 4 4 20 0 0 20 0 4 4 4 4 0 4 4 0 0 4 0 0 0 16 4 0 4 0 0 0 0 0 0 0 0 0 0 0 0 0 4 0 12 0 0 0 0 4 0 0 0 0 0 0 4 0 0 0 0 0 0 0 4 0 0 0 0 0 0 0 4 4 0 0 4 0 0 8 4 0 4 0 4 16 0 0 
16 8 16 16 16 16 16 16 16 8 8 16 16 16 16 16 16 16 16 16 16 8 8 16 16 16 16 16 8 8 0 0 0 0 0 0 4 0 4 4 4 4 4 4 4 12 4 4 4 12 4 12 12 4 12 4 0 4 0 4 12 4 0 12 4 12 0 4 4 4 4 4 12 4 4 4 4 12 4 12 0 0 16 12 16 12 12 4 4 0 4 4 12 4 0 4 4 0 4 4 
4 4 4 4 4 4 4 4 4 4 4 4 4 4 4 4 4 4 4 4 4 4 4 4 4 4 4 4 4 4 4 4 4 4 4 4 4 4 4 4 4 4 4 0 0 0 0 0 0 0 4 4 0 4 0 4 4 4 4 4 0 4 20 4 4 0 0 4 4 0 0 4 16 4 4 0 16 4 4 0 0 8 8 4 0 4 0 4 16 4 4 8 4 4 4 4 8 4 16 0 
16 16 16 16 16 16 16 16 16 16 16 16 16 4 4 4 16 4 16 4 4 16 16 16 16 16 16 16 16 16 16 8 0 16 8 8 16 8 16 4 4 8 16 4 20 8 4 4 4 0 4 16 4 4 4 4 0 16 4 0 4 4 20 20 4 4 4 4 4 4 4 4 4 4 4 4 4 4 4 4 4 4 4 4 4 4 4 4 4 4 4 4 4 4 4 4 4 0 4 4 
0 4 0 0 4 4 4 0 4 4 4 4 4 4 4 4 0 4 4 0 4 4 0 4 4 4 0 0 4 4 4 0 4 4 4 0 0 0 0 0 4 0 4 0 16 8 8 4 0 4 4 4 4 0 16 0 4 0 4 4 4 8 4 4 0 8 0 16 4 16 16 16 0 0 16 4 16 16 8 0 0 16 0 4 0 0 4 4 16 4 4 4 0 4 8 4 20 4 8 8 
20 20 20 8 4 4 4 4 4 4 4 4 4 8 8 8 16 16 16 4 4 4 16 16 16 4 4 4 16 16 16 8 8 8 4 4 4 4 4 4 4 8 4 12 12 12 12 0 12 12 12 4 0 4 0 12 0 12 0 12 12 12 12 12 12 12 12 12 12 12 0 12 12 0 12 12 12 12 12 12 12 0 12 12 12 12 12 0 4 4 0 4 4 4 12 4 0 4 4 4 
4 4 4 4 4 4 0 4 4 4 0 0 0 0 0 4 4 4 4 4 4 4 4 0 4 0 0 12 0 4 4 4 4 4 0 0 4 0 0 0 16 16 16 16 16 16 16 0 0 0 0 16 0 0 16 16 16 16 16 16 0 16 8 0 0 16 16 16 16 0 8 16 16 0 20 16 0 8 0 0 0 16 0 16 20 8 0 0 4 0 0 4 0 0 4 0 0 16 0 0 
0 0 0 0 0 0 0 0 0 0 4 4 0 0 0 0 0 0 4 4 0 0 0 0 0 0 4 4 0 0 0 0 4 0 0 0 0 4 0 0 0 0 0 4 0 0 4 4 0 0 0 4 0 0 4 4 4 4 0 4 0 4 0 0 0 4 0 4 4 0 0 0 0 4 0 0 4 0 4 0 0 0 0 0 0 0 0 4 4 0 0 4 0 0 4 0 0 0 0 4 
4 16 16 4 4 4 4 4 4 0 0 4 4 4 4 4 4 4 4 4 4 0 0 0 0 0 16 4 4 4 0 0 0 4 4 4 0 0 0 4 4 4 4 4 4 0 4 4 4 4 4 4 4 4 4 4 4 4 4 4 4 4 4 4 4 4 4 4 4 4 4 4 4 4 4 4 4 4 4 4 4 4 4 4 4 4 0 4 4 4 4 4 4 4 4 4 4 4 4 4 
4 4 4 4 4 4 4 4 4 4 4 4 4 4 4 4 4 4 4 4 4 4 4 4 4 4 4 4 4 4 4 4 4 4 4 4 4 4 4 4 4 4 4 4 4 4 4 4 4 4 4 4 0 4 0 4 4 4 4 4 4 4 4 4 12 4 4 0 0 0 4 4 4 4 4 4 4 4 4 4 4 16 16 16 0 0 4 0 4 4 4 0 0 0 0 4 4 0 0 0 
16 16 4 4 4 4 4 4 4 4 4 4 4 4 4 4 4 4 4 4 4 4 4 4 4 0 4 4 0 4 0 0 4 4 4 4 4 4 4 0 4 4 4 4 4 0 0 4 4 4 4 4 4 0 0 0 4 4 4 4 0 0 0 0 4 4 4 4 4 4 0 4 4 4 4 4 4 4 0 0 0 4 4 4 0 0 4 4 4 4 4 4 0 4 4 4 4 4 4 4 
4 0 0 0 4 4 4 4 4 4 4 4 16 16 4 4 4 4 4 4 0 4 4 4 0 4 4 4 4 4 0 4 4 4 4 4 4 0 0 16 4 16 4 4 4 0 4 0 8 4 16 4 4 4 4 4 4 4 16 4 4 4 4 4 4 4 4 4 4 4 4 4 4 4 4 4 4 4 4 4 4 4 4 4 0 0 4 4 4 4 0 4 4 4 4 4 4 4 4 4 
4 4 4 4 4 4 4 4 4 0 0 0 16 16 16 20 20 20 0 0 16 20 16 4 16 8 8 4 4 0 16 0 8 4 4 16 16 16 16 8 8 16 0 8 16 16 8 8 16 8 0 16 4 0 8 4 16 8 0 4 0 4 0 0 8 0 0 0 0 4 4 4 8 0 0 4 4 4 0 0 0 16 0 4 0 0 0 0 4 0 4 4 0 4 8 4 0 0 0 0 
4 4 4 4 4 4 4 4 4 0 4 0 0 0 4 4 4 4 4 4 4 0 4 4 0 0 4 16 4 4 4 4 4 4 4 16 4 4 4 4 4 4 4 4 16 16 4 4 4 4 4 4 4 4 4 4 4 4 4 0 4 4 0 4 0 4 4 4 4 0 0 4 4 4 4 4 0 0 4 4 0 4 4 0 0 4 0 0 4 0 4 4 4 4 4 4 4 0 4 0 
0 0 0 0 0 0 0 0 0 0 0 0 4 4 4 4 12 12 4 16 4 0 12 4 12 12 12 12 16 16 4 12 4 4 12 12 12 12 12 4 4 4 12 12 12 4 12 4 16 12 12 16 12 12 12 4 4 12 12 16 16 12 4 12 12 12 12 0 0 0 0 0 8 0 16 0 0 0 0 0 8 0 4 4 4 4 4 16 4 4 4 4 0 4 0 4 4 0 0 0 
16 16 0 0 16 16 16 16 16 16 4 4 4 4 0 0 0 0 0 0 0 0 0 0 0 0 0 0 0 0 0 0 0 0 0 0 0 0 0 0 0 0 0 0 0 0 0 0 0 0 0 0 0 0 0 0 0 0 0 0 0 0 0 0 0 0 0 0 0 0 0 8 0 0 8 16 8 4 16 0 8 8 8 4 8 8 4 8 16 4 0 16 0 0 8 4 0 16 16 8 
16 16 16 16 8 8 4 16 16 16 16 16 16 16 16 4 0 0 4 4 4 4 4 4 4 4 4 4 4 4 4 4 0 0 0 0 4 4 4 4 0 0 0 4 4 4 4 4 4 4 4 4 4 4 4 4 4 4 0 0 4 4 0 4 4 4 4 4 0 0 4 4 0 12 4 4 4 4 0 0 0 0 0 4 0 12 12 0 0 4 0 0 4 4 4 0 0 0 4 0 
0 0 0 0 0 0 4 4 4 4 4 4 4 4 4 0 0 4 4 4 4 4 4 4 4 4 4 4 4 4 4 4 4 4 4 4 4 4 4 4 4 4 4 4 4 4 4 4 4 4 0 4 4 4 4 4 0 4 4 4 0 4 4 4 4 4 4 4 4 4 0 0 0 0 12 4 0 12 12 0 12 0 0 0 4 0 0 4 12 0 4 0 12 12 0 0 0 0 0 4 
12 12 12 12 12 12 12 12 4 12 12 12 12 12 12 12 4 12 12 12 4 8 4 0 0 4 0 20 20 8 8 0 0 4 4 4 4 20 4 8 8 8 20 4 0 4 8 0 8 0 20 0 4 4 0 0 0 0 0 0 0 0 0 4 4 4 4 4 4 4 4 4 4 8 4 4 4 4 4 4 4 4 4 4 4 0 4 4 4 4 4 4 4 4 4 4 4 12 4 4 
4 4 4 4 4 4 4 4 4 4 4 4 4 4 4 4 4 12 12 4 4 4 4 4 4 4 4 4 4 4 4 0 4 4 4 4 4 4 4 4 4 4 4 4 4 4 0 4 4 4 4 4 4 0 4 4 4 4 4 4 4 0 4 0 4 4 4 0 4 4 4 4 4 0 4 0 4 0 4 4 4 0 4 4 4 0 4 4 0 4 4 4 0 4 0 4 0 0 4 0 
0 0 0 0 0 0 4 4 0 4 4 4 4 4 4 0 0 4 4 4 4 4 4 4 4 4 16 8 16 4 16 16 0 16 8 0 0 16 0 8 8 8 8 0 16 0 0 0 0 0 16 16 16 16 4 4 4 0 8 4 0 0 16 16 16 16 16 16 0 8 0 0 8 16 16 16 16 16 4 4 16 4 0 4 4 4 4 16 4 4 16 16 16 16 4 16 4 16 16 16 
4 16 16 16 16 16 16 4 16 16 4 4 16 16 16 16 4 16 4 4 0 0 0 0 0 0 0 0 0 0 4 4 4 0 0 0 0 0 0 0 0 0 16 16 0 4 16 16 4 4 0 0 4 4 0 0 0 0 0 0 0 0 0 0 0 0 0 0 0 0 0 0 0 0 16 0 8 8 4 4 4 4 8 4 4 4 4 4 4 4 8 8 4 4 8 4 4 4 4 4 
4 4 4 4 4 4 4 4 4 4 4 4 4 4 4 4 4 4 4 4 4 4 4 4 4 4 4 4 4 4 4 4 4 4 4 4 4 4 4 4 4 4 4 4 4 4 4 4 4 4 4 4 4 4 4 4 4 4 4 4 4 4 4 4 4 4 4 4 4 4 4 4 4 4 4 4 4 0 0 0 12 0 0 0 0 0 0 0 0 0 0 0 0 0 0 0 0 0 0 0 
12 0 12 0 0 0 0 0 0 0 0 0 0 0 0 0 0 8 8 8 12 8 0 0 0 12 0 0 8 8 8 0 0 8 0 12 0 12 12 0 0 12 12 12 12 12 12 12 12 12 12 0 12 12 12 12 8 12 12 8 8 12 12 12 0 0 0 0 0 4 4 16 0 16 4 4 16 4 4 4 16 4 4 4 4 4 16 4 4 8 8 16 4 16 16 4 4 8 16 8 
16 16 16 16 16 16 16 16 16 16 16 16 4 16 16 16 12 16 16 16 12 16 16 12 16 16 16 16 16 16 0 12 0 0 16 0 16 16 16 0 0 12 16 16 4 12 12 12 12 4 4 12 12 0 12 12 12 0 0 0 0 0 16 12 12 0 16 16 4 4 4 4 4 4 4 4 4 4 4 4 4 4 8 4 16 4 4 16 4 4 4 4 4 4 4 16 16 4 8 4 
4 4 4 4 4 4 4 4 16 4 16 4 4 4 0 0 4 0 0 0 0 0 0 0 0 0 0 0 0 0 0 0 0 0 0 0 0 0 0 0 0 0 0 0 0 0 0 0 0 0 0 0 0 0 4 0 0 0 0 0 0 0 0 0 0 0 0 0 0 4 0 0 0 0 4 0 0 0 0 0 4 0 0 4 0 0 0 4 0 4 0 0 4 0 0 0 0 4 0 0 
0 0 0 0 0 0 0 0 0 0 0 0 0 0 0 0 0 0 0 0 0 0 0 12 0 0 12 12 12 12 12 12 12 12 12 16 16 16 0 0 0 16 16 16 12 12 12 16 16 16 16 16 16 16 0 12 4 16 16 4 4 4 0 0 0 16 16 16 16 8 16 0 0 0 4 4 4 4 4 4 4 4 4 12 12 12 4 4 4 4 4 4 12 4 4 12 0 4 4 4 
12 12 12 12 12 12 12 12 12 0 0 12 4 4 12 12 0 12 16 16 16 16 4 4 4 4 4 4 4 4 4 4 4 4 4 4 4 4 8 8 4 4 4 8 8 8 8 8 8 8 16 8 8 0 0 0 8 16 4 8 4 4 16 8 4 16 4 16 4 4 0 4 4 4 4 8 4 4 4 4 4 4 4 4 4 4 4 4 4 4 4 4 4 4 4 4 16 4 4 4 
4 16 8 8 4 4 4 4 4 8 8 8 4 4 4 4 4 4 4 8 8 0 8 8 8 8 8 8 0 0 8 0 8 8 8 0 0 0 0 8 0 8 8 8 8 0 8 8 0 0 8 8 0 0 0 8 8 8 8 8 8 8 8 8 8 8 0 8 0 8 8 0 0 0 0 0 0 0 0 0 0 0 0 0 0 0 0 0 0 0 0 0 0 0 0 0 0 0 0 0 
0 0 0 0 0 0 0 0 0 0 0 0 0 0 0 4 4 4 4 4 4 4 4 4 4 0 4 4 4 4 4 4 4 4 4 4 4 4 4 4 4 4 4 4 4 4 4 4 4 4 4 4 4 4 4 4 4 4 4 4 4 4 4 4 4 4 4 4 4 4 4 4 4 4 16 16 4 4 4 16 4 4 16 16 16 16 16 8 4 8 16 16 16 16 16 16 4 4 4 16 
16 16 16 8 16 16 16 16 16 16 16 16 16 0 0 0 0 0 0 0 0 0 0 0 0 0 0 0 0 0 0 0 0 0 0 0 0 0 0 0 0 0 0 0 0 0 0 0 0 0 0 0 0 0 0 0 0 0 0 0 0 0 0 0 0 0 0 0 4 8 4 4 4 0 0 4 4 0 4 0 4 4 4 0 4 0 0 