116 72 40 4 108 8 24 648 64 4 452 56 36 36 192 88 76 108 112 16 36 16 476 100 104 552 496 200 144 92 16 220 252 72 260 188 8 72 0 36 144 228 0 48 76 284 -1 232 -1 28 76 0 20 64 68 64 84 4 52 40 48 4 -1 36 4 48 4 580 156 28 84 12 12 0 28 376 4 64 16 80 12 96 76 40 16 220 64 20 -1 20 20 44 668 0 104 20 56 436 16 12
860 860 608 132 132 332 8 384 684 684 684 268 264 332 560 608 464 212 232 80 184 192 604 604 696 536 596 76 412 300 320 220 460 116 188 4 4 68 100 524 764 84 64 20 48 12 176 224 536 144 144 256 176 72 8 288 240 76 16 272 88 72 120 72 64 340 20 284 100 32 320 536 76 0 0 348 156 72 716 32 120 96 236 32 8 128 68 36 64 8 64 124 144 196 948 132 88 208 72 116
524 524 524 368 312 156 412 312 132 52 156 144 564 500 148 148 208 164 280 164 264 264 16 908 48 280 344 136 212 144 316 376 276 276 140 140 148 116 264 136 408 76 716 324 420 108 252 216 208 548 236 460 252 52 124 136 168 136 596 68 152 112 228 164 156 80 140 192 4 192 560 68 188 216 244 120 424 92 56 112 104 1068 172 4 316 180 192 152 428 240 136 160 268 124 280 188 20 4 188 116
1288 372 84 84 548 88 316 196 160 436 352 208 1200 236 112 584 344 84 236 92 140 456 80 656 484 112 96 232 160 108 252 84 296 132 96 308 532 272 184 216 320 244 208 568 128 292 304 264 172 508 88 140 112 76 164 496 224 272 68 28 76 76 208 164 212 676 40 252 104 136 140 668 52 592 140 112 172 356 112 464 112 328 396 136 184 620 216 68 188 228 528 8 100 424 84 484 448 112 4 148
196 208 152 152 224 516 516 56 428 112 128 364 1268 532 440 112 148 156 556 164 576 492 20 164 612 132 148 1040 264 632 860 4 128 524 176 300 348 64 104 100 208 232 392 380 112 108 68 244 140 136 260 160 328 372 280 268 156 228 136 184 232 192 36 148 168 36 816 140 212 540 768 136 484 100 540 204 508 908 352 12 340 352 212 584 376 248 76 116 104 156 252 188 152 32 216 220 200 68 108 428
636 636 1256 444 328 328 240 156 84 184 228 108 608 1316 240 252 256 276 276 84 84 460 460 476 116 628 88 824 192 308 244 244 160 164 76 80 252 288 140 56 236 404 224 224 736 332 236 320 144 352 244 256 256 184 308 196 136 296 276 28 740 140 580 156 440 136 56 320 252 200 812 324 76 1048 96 560 176 16 436 404 312 348 156 412 192 76 60 296 148 176 596 344 408 264 572 296 184 228 176 172
1076 248 164 76 1064 1008 948 452 180 156 288 276 420 588 96 536 380 236 256 396 728 144 284 668 832 440 168 200 84 264 604 680 268 196 188 8 148 92 288 152 240 164 176 256 224 844 328 236 244 376 740 128 520 436 336 148 632 128 120 440 440 396 504 176 228 392 192 320 216 948 492 492 440 140 1292 236 104 1304 272 184 108 376 612 108 80 80 320 236 140 468 968 748 1112 488 224 112 460 152 252 120
720 224 720 204 1312 108 248 172 192 72 156 468 544 552 348 584 460 68 388 100 160 272 288 204 756 64 140 392 544 372 204 272 228 1228 260 304 228 152 224 272 252 1256 160 624 1268 644 244 1164 424 196 152 120 76 84 76 280 248 140 100 8 456 240 576 436 196 140 300 1384 1036 468 124 32 200 76 204 328 232 696 228 76 452 392 532 164 524 60 88 164 184 296 144 112 256 52 20 460 1064 116 920 1148
84 292 140 360 280 216 84 780 256 108 1284 1436 100 268 16 524 696 96 24 232 232 520 64 288 184 272 296 844 20 272 264 1324 104 492 460 304 704 1184 264 304 264 752 212 544 428 296 140 452 196 180 112 616 676 216 128 204 104 780 260 156 92 568 100 312 428 100 884 164 44 100 964 2120 208 308 208 312 84 312 32 892 116 184 108 112 160 136 108 540 108 888 256 284 104 120 588 76 324 540 848 92
376 364 312 1244 104 580 684 580 1360 204 204 280 1008 748 72 360 424 236 56 1148 568 696 8 160 336 32 184 144 144 340 404 216 196 440 480 308 208 164 480 484 580 1088 256 208 200 176 292 328 112 1016 188 992 244 268 96 976 284 256 44 636 164 200 376 544 116 124 608 680 280 212 1312 68 184 724 516 120 144 184 156 196 216 460 396 268 572 184 144 500 620 316 596 584 404 468 448 276 1912 152 264 144
348 348 144 300 1044 760 472 328 548 328 84 552 608 52 852 464 696 76 76 4 1032 1048 1040 892 244 164 300 1080 740 924 336 264 556 192 212 860 708 596 608 324 1140 1496 1060 412 196 1064 152 428 336 364 332 340 220 560 92 144 396 312 1196 208 392 76 584 176 220 1112 60 200 1248 176 412 132 848 1140 96 528 156 88 112 992 288 288 440 272 524 208 344 608 312 84 272 1028 524 444 288 1048 528 408 512 764
260 260 260 1316 1004 76 180 640 108 184 592 512 612 212 580 872 1024 520 132 212 212 704 428 132 160 260 316 1140 180 844 176 1320 1320 736 184 280 100 1436 300 292 548 408 236 464 156 124 1160 84 72 684 540 260 248 176 460 568 52 700 1148 344 1212 616 460 312 116 128 44 168 660 676 548 240 216 164 424 256 572 656 76 724 464 76 668 564 724 268 652 156 472 276 80 856 520 620 232 568 912 232 688 524
444 64 64 1148 1116 620 1072 1016 584 724 0 152 480 528 1332 500 484 1280 1108 712 712 988 612 720 548 128 296 548 240 864 104 188 588 636 432 340 236 224 148 1208 324 424 652 724 264 276 1276 416 928 1152 800 1256 2196 1836 780 128 152 604 548 396 216 212 484 248 280 140 736 452 620 452 624 792 408 172 640 552 104 72 396 352 1088 96 388 536 636 512 268 236 640 624 1000 416 908 196 960 920 460 104 764 196
976 540 320 920 408 112 716 492 524 536 224 220 232 232 1028 216 104 104 492 104 84 624 1376 208 592 476 604 264 680 100 388 168 264 108 560 404 648 596 728 104 484 1428 512 376 232 252 292 1428 532 1212 1292 488 1324 1148 1400 108 412 212 460 900 684 72 200 528 552 224 420 64 344 420 844 700 480 592 436 1352 400 416 244 276 540 656 548 544 544 240 668 428 220 104 1012 588 572 892 628 60 112 452 128 816
1144 936 588 676 2024 100 296 500 396 308 2052 784 244 244 580 952 720 688 120 120 632 988 1952 80 2028 424 456 972 112 1088 308 1196 716 1320 1404 472 224 64 1448 312 192 420 308 428 164 1220 72 352 620 236 480 584 700 144 1080 748 1580 164 540 600 1124 164 1296 640 1188 340 76 348 684 332 324 0 556 536 256 1020 556 212 380 1288 1348 504 460 460 424 1160 1300 1228 468 264 712 780 872 528 188 836 616 456 104 80
524 524 636 452 972 1736 76 1208 244 288 632 60 1072 1072 372 268 192 28 80 608 1212 396 348 348 352 1216 616 284 1260 148 256 224 256 352 160 1236 272 600 216 1444 144 288 200 636 556 348 508 164 180 184 904 232 1220 680 568 308 172 2960 20 300 164 176 376 432 148 1000 560 396 1212 560 560 1920 124 112 276 640 576 164 688 224 472 852 592 152 128 276 748 980 496 380 364 284 200 540 20 120 488 568 520 1088
168 216 756 1324 756 236 652 296 176 176 176 196 476 196 160 408 196 308 948 592 572 304 596 896 448 436 284 60 60 332 464 1216 632 472 1100 696 1480 1144 400 0 268 212 340 24 1204 1160 1224 1184 156 540 280 376 580 600 196 280 164 188 580 1196 164 96 304 184 172 412 460 92 408 568 336 176 1148 1148 176 104 672 360 332 1448 360 996 1296 288 148 572 1088 92 692 396 552 492 544 976 180 872 592 88 456 0
588 588 1636 404 1088 396 216 1076 220 708 436 412 328 300 644 736 468 408 112 1016 96 268 576 572 492 84 308 456 540 300 2004 160 1000 704 776 696 240 956 456 16 844 312 176 460 1012 480 908 484 732 120 256 1064 676 660 64 1076 132 560 476 1172 668 276 264 164 476 1168 204 588 1356 144 1328 1160 260 400 576 840 600 636 440 236 492 544 312 480 92 220 1384 876 276 320 696 596 532 12 1924 400 440 1104 580 308
1756 1756 1756 1052 76 1760 1140 100 988 600 940 460 220 200 416 652 192 20 700 540 580 268 312 168 440 1360 64 472 348 248 252 1272 572 376 700 668 472 732 296 692 576 988 1172 1184 152 1012 20 592 256 172 504 468 916 620 1088 0 100 336 732 384 224 948 708 996 964 544 528 212 244 1084 592 1184 244 1088 68 1268 476 188 1296 1008 296 492 744 920 132 160 272 136 268 104 112 212 1188 1108 120 956 608 428 116 832
1156 1156 580 528 368 628 628 716 1624 1624 252 252 1132 440 1064 92 1052 144 108 104 620 124 1008 136 496 120 68 392 1892 356 504 96 200 568 480 424 252 528 188 1020 648 1172 764 436 1304 276 1300 772 576 312 876 236 220 1040 356 500 1404 1160 1332 1440 1368 504 172 636 224 512 276 0 352 764 576 196 420 308 1408 1192 700 28 276 1332 472 584 152 104 200 276 1408 596 252 456 1352 968 184 72 208 172 256 612 544 520
196 196 1000 576 560 300 128 548 1084 620 620 712 160 180 76 272 732 472 688 644 884 1112 284 1036 624 572 876 664 248 320 124 124 584 1204 216 488 108 1144 452 744 388 740 232 1352 548 444 664 160 688 660 700 260 368 808 876 596 1576 324 76 220 880 1292 860 472 960 304 1028 448 220 172 668 1284 1400 280 896 32 492 596 956 500 580 972 108 616 684 960 744 368 352 292 140 220 328 436 392 1364 684 452 1044 960
624 1212 864 860 1028 1028 676 436 840 316 1148 1324 1388 2088 512 392 564 292 188 620 204 1068 808 272 1212 536 448 444 4 1172 1244 216 196 1004 640 428 1328 456 132 892 2088 532 1196 756 44 740 236 256 780 388 1960 332 1264 780 60 672 464 1292 952 468 580 324 696 848 188 260 1324 424 128 1236 80 1228 72 156 1272 152 572 1412 240 448 944 996 240 604 1028 556 508 532 444 1076 368 712 356 60 268 608 584 580 508 144
1148 1024 1028 1920 1920 1088 72 264 372 160 1348 76 120 80 616 736 1008 620 136 424 376 1136 664 668 512 676 256 252 656 560 1008 76 576 596 68 116 1164 1436 308 1424 512 284 240 972 596 240 1036 108 1256 120 524 992 624 1028 116 688 492 92 1496 140 1076 472 692 64 576 948 524 1028 232 380 576 332 28 564 880 80 1120 320 388 716 244 468 76 176 204 140 1236 356 200 60 568 1308 140 648 1480 692 1524 828 968 632
1292 284 2280 1292 280 1124 612 580 1396 1044 332 388 260 1364 276 1004 792 524 1244 604 1172 1028 160 604 1176 1388 860 968 808 584 392 192 712 1692 776 256 872 972 628 208 460 1108 1576 316 220 728 468 1084 148 164 636 976 1072 904 456 832 636 756 1224 312 1048 572 88 256 184 320 576 1864 380 88 108 424 564 240 4 860 528 680 120 1168 356 632 592 608 964 400 576 648 20 1164 272 608 80 236 964 232 152 732 304 116
604 716 604 484 1048 1932 624 1164 304 404 504 804 1372 1556 184 428 224 668 656 596 280 1224 236 236 156 596 352 536 804 412 1700 308 216 516 1040 272 976 756 960 452 680 1368 252 824 1080 664 224 668 232 1256 368 1064 352 892 84 1056 660 1176 576 2004 220 132 876 124 596 1072 360 132 208 960 396 588 244 888 512 1328 1140 1316 1052 192 492 584 772 536 576 668 1040 972 556 240 380 1016 692 20 1148 540 184 248 544 72
1352 496 648 676 304 696 1084 832 1088 2268 2268 632 516 636 376 540 1492 444 428 44 920 1008 768 152 1076 300 172 1412 1184 716 60 872 508 204 248 512 1408 100 568 496 1260 404 620 380 376 156 512 1092 620 552 668 1048 116 1292 224 168 1048 736 232 1044 880 964 1336 384 772 1284 260 428 528 1032 560 652 624 336 420 1224 904 1584 580 368 272 720 532 208 1164 388 376 1288 876 1072 524 664 2308 332 460 1424 1008 712 504 572
324 768 1504 252 304 1024 304 640 968 804 804 516 232 1404 752 304 600 472 280 656 548 1624 416 132 276 1016 1328 1148 180 1432 372 1336 1000 996 264 1000 836 1216 304 428 644 420 624 548 464 680 532 328 144 720 636 348 616 512 548 124 1352 128 848 296 152 160 512 888 976 672 540 488 336 72 1232 552 644 540 856 132 260 280 72 136 1056 572 840 372 892 596 664 1116 848 972 32 480 956 1328 80 844 252 652 652 216
1228 540 176 616 116 608 1168 912 1404 1076 56 56 2740 1296 104 724 996 1368 756 892 552 632 1104 176 368 724 644 156 344 292 404 156 644 1324 1024 344 204 72 1436 136 680 284 1032 148 584 812 532 268 968 432 664 1596 208 480 2368 1172 704 356 928 996 660 1468 304 588 968 344 1400 244 252 240 624 320 1388 740 604 600 324 1020 884 64 1036 208 272 224 56 600 988 1032 68 52 624 164 320 548 460 712 568 252 104 324
228 204 108 208 220 580 340 212 128 176 456 692 692 568 508 704 1008 560 276 316 316 500 1204 588 1104 596 644 1496 540 112 584 272 116 516 264 996 716 88 264 384 556 1384 472 360 1044 448 224 164 284 596 896 1412 84 136 1256 692 36 196 1004 324 244 488 252 820 104 628 320 464 700 1332 280 856 224 684 1016 24 1104 332 740 492 456 496 612 944 452 320 564 508 584 924 352 228 408 108 856 232 572 288 700 416
464 464 488 488 1040 972 656 332 612 612 288 1304 112 140 724 368 1648 148 3156 272 76 1404 468 152 228 956 940 148 1292 760 252 208 148 1268 516 1700 660 300 532 160 1332 532 144 144 708 452 1140 716 312 120 500 1776 984 576 808 164 24 196 1060 348 972 256 600 600 772 616 920 724 1020 596 616 76 500 884 848 428 292 260 192 116 488 120 1464 420 244 1448 72 564 416 364 1056 232 392 592 1080 724 1292 920 568 504
220 40 60 60 60 508 520 620 208 644 1016 468 244 132 2396 468 468 24 476 568 164 168 960 280 420 220 244 544 828 176 644 180 416 224 912 1012 652 256 804 568 220 128 684 932 408 676 424 636 752 72 244 1336 420 436 544 500 644 568 960 320 632 176 236 524 732 1016 1224 508 124 1244 272 580 588 916 1540 524 44 372 504 688 1032 572 312 280 424 572 644 1412 1276 684 420 708 696 1232 296 1088 1088 1128 268 508
1272 284 412 212 504 184 688 152 624 400 76 76 1224 632 236 1116 84 104 196 308 1564 580 644 1260 1984 1136 176 200 868 1980 632 280 436 76 644 312 704 632 416 796 1200 36 52 852 116 444 380 912 708 272 596 460 204 672 196 92 1260 1388 1620 268 236 276 1172 1352 88 1016 476 624 192 264 324 76 1036 844 1132 0 192 296 88 688 596 2320 476 156 1488 284 1036 572 640 1020 188 880 1132 396 120 64 1096 16 772 644
496 148 120 544 784 224 1364 296 596 344 856 652 152 476 476 348 460 1032 996 580 552 168 288 1136 1224 892 368 512 640 908 288 348 248 1100 824 124 140 1136 1168 772 1024 540 288 408 844 728 192 1564 1032 1316 188 592 300 572 1260 556 188 616 456 1432 584 1312 552 232 728 192 288 904 664 168 152 244 1616 436 616 288 296 448 516 1128 388 112 648 1056 1088 656 88 508 204 1312 192 512 1092 96 128 448 1928 592 604 1052
128 128 128 484 484 156 240 240 2216 1096 1116 904 232 584 184 932 528 112 1288 692 604 836 696 676 708 936 332 896 1112 240 400 408 600 92 1052 1260 2776 340 112 860 88 200 180 144 1016 272 144 1108 604 536 1064 532 236 240 1100 536 204 296 392 444 680 356 316 1624 1220 456 296 564 776 1508 1064 612 288 692 152 436 320 552 692 924 108 1372 144 588 396 200 828 412 236 1028 412 600 412 512 220 1040 84 420 560 1352
568 1724 1312 1724 1304 1192 724 576 576 504 1392 324 604 1440 1316 420 384 1068 884 1332 640 1272 280 536 1264 1072 580 468 624 544 656 908 296 940 268 1344 496 668 624 204 144 564 540 148 148 120 136 248 1092 340 584 220 228 864 168 1124 148 952 1364 1060 480 168 408 1224 988 484 684 268 1260 268 1140 188 124 588 552 320 240 228 924 1500 544 152 1400 456 220 220 936 1424 576 1868 160 428 200 724 320 308 548 664 148 100
976 580 720 636 984 568 216 200 708 656 220 1472 248 248 1104 1180 952 540 664 324 1260 548 792 816 1164 228 696 1016 664 544 92 1216 768 560 1296 696 92 724 464 540 496 680 308 1160 576 1288 300 584 584 124 588 1112 900 980 1528 272 920 112 1656 996 136 68 604 160 1064 536 288 2104 752 1144 1724 280 220 1108 112 140 1244 80 296 884 608 596 96 844 224 748 376 144 792 96 556 924 480 436 484 448 528 316 848 436
1516 336 1120 588 1116 116 200 1228 488 2252 1568 516 276 164 880 572 288 324 400 520 224 1084 500 404 1008 192 100 452 556 252 560 584 200 1464 828 1372 124 172 328 1088 764 1072 332 1376 104 496 1036 412 440 424 276 1084 552 708 568 520 80 196 812 404 180 120 556 116 912 844 160 1124 104 156 456 556 428 572 700 1024 168 4 1220 984 1416 2328 576 168 648 172 668 208 104 576 104 632 300 1028 688 1180 1204 980 1008 200
600 600 860 636 736 256 1280 1100 1128 1356 212 1436 1424 648 616 1168 1120 1552 200 1832 1352 148 876 228 108 496 1164 216 704 1084 1176 1444 556 564 36 696 1152 184 1248 492 1524 252 1216 644 608 768 28 20 144 148 692 728 556 440 652 416 480 480 648 168 300 632 992 116 892 980 436 144 1180 148 612 140 492 276 676 1000 308 116 1252 1276 592 1112 388 1276 468 544 2156 728 1320 564 80 280 904 672 312 492 608 760 508 1332
1348 1348 404 424 144 496 1016 484 772 244 400 1556 272 1352 1196 568 1396 896 848 472 136 1560 1308 692 148 428 296 140 232 152 456 764 624 1504 780 232 244 116 976 64 152 188 1028 64 1552 548 972 268 616 752 796 1236 484 232 80 688 124 688 720 632 1428 1124 1004 128 196 392 1256 408 972 476 876 500 1124 940 1132 700 1024 1032 120 1220 1308 580 152 1028 608 888 388 1256 156 96 1356 748 784 372 576 452 416 696 204 68
348 1124 512 352 180 2272 452 160 1040 1324 580 764 1328 124 428 224 1068 616 360 304 612 80 596 564 948 76 1272 652 244 164 1348 748 364 172 472 280 432 612 560 116 1752 1012 988 1312 796 628 1260 412 1384 400 1020 600 660 908 1040 640 1176 788 1112 956 320 532 1352 1088 292 388 584 440 188 456 464 908 188 868 212 596 104 1096 140 1144 260 92 232 152 916 356 144 1056 24 36 1640 2920 548 372 44 288 744 180 128 212
392 1004 652 1508 588 1016 1464 640 640 400 400 680 680 224 224 536 928 492 1316 644 940 1668 1292 584 1200 2256 848 236 1004 260 628 92 1296 2104 1228 64 1268 1980 932 968 92 556 580 660 372 116 244 1064 1088 1140 1312 1396 284 584 176 176 320 200 1532 968 80 712 864 792 1008 268 760 168 1432 640 1004 544 876 764 1488 120 168 992 172 1044 1152 624 112 112 1160 1104 176 136 704 600 1004 220 356 1572 556 1252 2080 1396 532 316
516 984 44 412 1708 408 288 8 268 844 1248 1488 352 136 1408 684 4 648 224 724 652 548 1324 1020 1276 420 1528 724 628 636 260 120 292 216 648 912 896 984 464 312 332 1196 368 1140 616 1036 1304 964 728 1012 1052 188 984 68 1240 1168 936 1076 940 680 492 228 696 720 696 564 652 2584 72 260 0 224 108 1372 1448 612 1964 464 96 1236 1028 2088 640 1260 408 72 1128 60 536 232 652 188 1740 264 80 132 696 212 576 80
728 284 320 552 1300 1396 1156 1408 1700 120 168 340 1172 212 212 388 1196 1116 468 672 988 1696 136 844 1732 1216 616 80 100 1020 604 584 196 1032 644 152 108 200 696 548 360 688 940 532 124 192 4 168 668 1612 740 1428 616 1316 992 948 388 636 1340 1092 80 644 1848 752 448 524 948 460 292 576 1140 152 788 1176 236 264 684 1092 948 1196 276 144 404 1344 996 152 568 536 1744 1396 660 508 220 1320 1036 468 620 580 960 776
460 460 252 1164 40 204 368 168 1568 188 1012 660 344 764 184 564 176 1416 1096 844 720 660 260 1244 1264 1012 2056 596 2072 228 272 172 1520 52 804 168 972 2296 288 480 228 1032 428 872 1128 1068 96 1092 544 492 660 144 1240 1476 676 180 804 672 472 1208 1040 524 600 424 656 260 328 432 128 668 1672 3128 692 312 156 300 156 988 276 720 1644 292 1320 1224 320 248 1236 1252 68 700 820 560 1464 1172 1396 688 828 4700 120 996
996 624 996 96 996 996 216 684 216 232 1048 368 1224 656 1192 632 1492 1492 516 540 1184 368 980 196 664 488 80 928 692 356 964 816 224 1656 840 28 80 1276 916 632 1260 560 1104 264 56 804 1292 836 968 844 600 520 1312 1412 752 540 872 276 4 1032 888 80 432 228 60 632 244 744 1152 440 92 172 588 68 660 692 1120 628 64 936 700 856 264 340 932 440 280 1092 276 1120 308 228 332 300 1080 556 260 912 1204 4
492 1248 1292 732 504 1136 524 448 220 820 964 744 696 984 596 684 224 112 616 212 1160 548 616 1104 1548 668 1568 876 1340 576 2272 548 124 220 536 244 332 1168 412 2320 620 36 1188 1540 500 788 700 576 812 1080 320 1192 24 500 2284 1272 556 220 176 580 948 164 272 212 484 924 224 124 928 68 56 1384 92 500 332 1156 660 724 972 1736 964 640 996 428 1492 576 1160 564 676 804 176 848 1328 300 576 960 64 1184 92 332
2128 900 1412 576 136 944 2028 868 2028 868 876 1436 460 1308 436 276 604 1616 192 544 600 564 936 668 556 276 536 232 984 768 2096 588 116 192 1344 860 488 256 984 576 1948 220 772 2240 372 564 604 1084 1016 1200 184 896 376 1024 952 1328 352 140 252 616 404 932 156 592 1160 116 16 1184 16 484 264 1260 580 940 716 1236 504 288 440 796 700 1020 592 192 1392 672 228 76 1056 240 20 168 616 1932 1412 1088 664 892 1024 528
224 112 204 204 436 184 1000 1000 1000 1000 688 980 1244 680 140 72 1212 200 724 192 1084 1332 564 296 1408 256 424 572 608 284 624 856 612 1260 760 164 540 1784 2544 552 1428 1896 2248 1012 236 1372 1192 1584 432 1004 196 696 880 856 300 168 80 888 1068 620 284 220 312 1236 1300 592 264 1000 980 912 828 592 76 592 560 1352 388 196 848 728 548 600 160 188 1240 452 180 140 1284 1012 92 492 604 420 772 1204 16 1208 368 632
580 420 396 716 888 1376 1324 1060 48 688 1760 1984 616 872 1104 276 1288 1000 1416 1132 708 1228 1112 996 264 1048 1608 252 944 1000 980 1312 956 704 524 616 676 2164 464 764 572 1956 848 608 976 936 60 1016 192 104 600 584 956 276 700 244 288 1536 308 172 308 1124 204 284 960 916 252 692 780 312 864 444 108 612 1412 1080 292 400 912 824 292 900 1268 616 148 2032 932 720 696 696 1028 520 84 1244 208 1564 1388 308 1048 712
612 612 932 260 1288 1288 364 364 688 1184 444 444 1396 152 48 168 572 448 500 24 428 520 732 192 512 1060 904 1380 672 536 300 128 636 12 728 1456 1388 240 604 520 84 1272 260 916 1216 1136 1304 164 1424 1224 228 1116 804 444 608 240 880 96 724 48 1052 216 832 1252 1056 1296 1380 328 828 1000 248 992 908 260 760 820 312 1324 604 372 968 692 152 168 972 92 1244 196 4 548 1596 1068 88 864 20 1244 1900 600 952 356
1316 1316 60 24 668 1104 928 356 940 468 668 668 124 124 296 1316 396 260 548 980 340 1272 164 716 1188 1348 72 532 532 852 624 684 1168 12 1488 36 404 748 92 1004 228 228 88 2316 1288 660 924 1128 120 528 2296 208 116 1580 228 120 908 1196 1084 108 612 652 324 96 700 792 112 1180 732 604 336 340 2032 392 88 268 852 136 88 1100 1040 1084 1144 1124 1228 136 1456 616 352 1340 1196 1056 412 1368 524 76 936 1208 640 1264 
100 1196 152 616 1036 332 596 1276 92 92 424 212 1092 564 384 624 764 456 1732 700 660 540 716 604 684 696 360 512 1188 224 824 712 192 1140 1088 1032 180 496 872 448 268 1152 180 624 672 1368 408 892 616 620 712 1340 620 2864 280 1036 840 16 552 232 1496 1300 620 600 580 460 152 108 596 304 680 68 500 256 1472 124 140 1480 732 1852 388 308 544 868 64 188 1332 884 368 240 1280 192 520 692 104 900 992 932 400 988 
56 56 56 108 712 1428 128 3392 1016 1352 304 68 1244 1244 616 1160 1292 220 1328 1100 596 248 152 1140 1072 584 1208 1276 400 0 264 724 136 268 248 168 436 152 152 1544 904 636 188 640 552 132 1140 276 604 204 1032 1192 1460 996 1296 952 1088 500 316 544 1496 316 308 572 1436 404 1248 240 1836 28 1384 564 1020 1160 1024 684 600 348 1040 532 1252 1584 608 392 200 220 1216 692 1172 288 136 1332 464 644 372 512 560 476 1248 116 
656 872 784 1564 1380 1380 888 168 680 1308 304 1624 1128 4 88 592 1300 544 72 1032 1232 272 376 1412 48 900 580 588 868 1368 1288 532 724 700 692 632 540 1064 764 588 684 528 1264 500 56 88 1372 868 948 1428 620 480 256 172 104 676 112 136 676 2000 1328 156 508 1176 444 192 1420 500 160 772 600 400 1024 116 680 704 260 1184 708 1300 636 912 76 156 1164 612 240 648 256 84 220 488 596 888 1388 544 356 1384 1040 1504 
1708 648 1032 952 1400 556 324 952 728 728 680 792 1080 1060 984 984 568 1416 1176 496 1012 552 516 348 888 464 252 1384 520 556 360 1256 1360 76 668 528 1320 128 552 652 1240 1004 684 428 636 96 704 2104 544 392 568 852 216 796 480 416 160 668 1096 628 536 76 616 320 1232 604 528 724 328 1304 1408 1016 560 1136 524 888 1952 1052 96 1088 544 544 2188 684 632 1408 284 76 960 652 384 608 920 620 844 1016 660 428 1296 660 
212 460 396 1132 160 756 2040 420 112 2060 1080 132 1248 112 1392 492 380 620 1252 1068 388 600 980 520 1100 528 1088 656 656 1396 736 1276 1612 156 1992 1144 612 620 104 56 1144 1172 644 304 596 2280 384 904 1308 1280 268 472 616 524 1408 988 996 632 1676 292 1120 548 1164 1548 608 140 952 564 596 812 60 692 432 332 984 116 1152 2000 396 1364 1112 984 12 340 144 524 1240 640 652 1580 528 664 1344 1940 592 696 532 760 3104 596 
680 1104 680 1288 716 604 2008 1384 1772 1256 1012 2232 220 1340 176 308 1396 288 536 1192 1076 432 1276 1424 176 688 568 1176 1324 980 1008 120 572 936 592 624 1468 80 112 1024 648 604 620 784 1204 844 1132 1028 1244 832 448 728 404 1180 524 408 1248 704 60 120 1284 416 1376 520 1096 1160 560 1096 16 208 1008 1140 608 564 384 356 216 1488 304 116 76 608 568 992 424 564 1320 1316 708 644 500 1144 224 1000 968 1200 936 2712 168 1276 
320 72 320 876 564 628 584 408 1356 1640 1204 48 296 468 1044 1096 80 1476 316 784 1004 116 760 2332 720 204 224 3004 1176 392 500 152 1412 520 684 1180 576 1336 560 564 1044 1436 2116 824 1172 676 904 1176 1056 280 52 2008 1048 220 4 1100 600 920 1736 620 556 320 72 1104 1216 636 1140 1248 864 772 1020 268 648 412 268 1512 152 640 0 272 732 112 576 612 620 1008 1152 196 168 440 292 552 276 548 1256 1100 1424 232 2360 888 
484 120 2348 8 144 176 1748 1748 152 1272 1352 84 1152 1048 932 660 844 1356 504 600 1272 1216 2192 708 164 620 624 76 508 316 1004 64 628 1300 676 1144 68 340 612 1736 744 520 840 1000 556 1112 932 644 360 284 320 1192 1524 1420 692 940 368 8 308 1192 2652 1336 120 468 192 260 504 16 1348 1004 120 1316 1404 308 1304 232 856 1008 552 732 952 1108 556 612 556 1296 736 352 1352 784 192 780 8 1008 668 704 632 1652 1556 552 
1312 1388 1312 1396 2100 184 1360 256 1216 308 1000 1328 1124 652 780 72 192 1436 516 1388 1280 1328 1180 676 1352 12 176 108 572 812 2032 880 104 1212 1064 148 280 756 1164 300 700 892 1612 184 1188 380 216 576 96 996 1028 700 288 208 520 188 572 2016 508 924 300 400 148 656 148 220 332 1192 1168 416 1092 712 240 1820 1388 4 612 164 1072 52 1316 1360 640 120 804 672 612 240 32 216 148 652 744 20 1008 236 924 760 2284 556 
2284 2284 1344 2300 2300 196 260 668 428 560 1272 692 216 164 248 1184 1792 1460 860 128 588 1636 976 604 788 1360 1404 328 580 568 632 52 280 716 1312 668 436 160 572 260 668 688 640 564 424 528 1088 704 220 1340 1048 644 1068 1328 1104 0 724 1028 604 268 604 1944 496 228 1536 1500 88 1088 892 332 240 236 1348 152 748 208 248 160 512 604 96 284 304 1428 788 676 616 388 136 1116 204 1216 544 252 724 568 1148 92 440 2816 
2816 2408 248 172 488 1244 1176 620 216 260 572 572 572 1132 884 664 664 616 712 532 2256 1292 1536 848 320 764 800 464 356 712 692 1268 176 476 468 1024 624 712 588 576 268 224 876 876 940 288 128 1268 1024 268 1244 184 736 668 616 724 612 640 1324 1432 612 624 336 1036 1252 76 544 1352 572 1104 524 196 476 1040 540 1092 260 88 64 984 668 660 180 176 656 3336 532 780 1060 196 284 724 604 472 800 564 464 564 824 1044 
392 1416 700 704 1068 1416 1152 1204 512 148 2072 100 104 1004 1120 1944 872 92 1112 112 1508 1028 348 2476 1316 644 768 716 1416 1048 380 1092 968 1328 708 520 1524 516 600 432 620 112 1324 768 416 1280 624 1272 572 604 1160 484 204 64 600 1040 664 1300 700 988 1028 976 948 528 136 536 2260 40 1088 100 228 1304 412 488 564 1096 480 984 428 1040 604 1156 272 620 424 1432 728 784 80 1036 1340 3132 612 528 404 632 3088 548 920 8 
3060 2084 904 532 532 480 3256 1056 700 1084 1704 1308 432 720 364 872 1228 2912 1188 1136 328 1404 1028 736 992 28 496 584 2624 1160 3112 2224 540 440 168 604 528 300 504 1128 620 556 136 1032 52 1320 988 576 1080 480 1020 408 388 484 1248 3448 176 2096 296 632 1076 2292 700 348 1016 200 96 1312 1132 324 2296 1176 340 552 0 460 76 728 292 1580 2184 1192 1208 848 4 200 1216 732 336 68 244 1188 1416 220 616 628 380 564 1296 628 
1732 1732 1008 56 2008 112 68 1068 1068 656 360 2212 936 480 640 224 224 1436 200 132 132 264 700 2036 1972 880 596 1180 1436 200 864 636 104 1100 268 764 336 928 808 144 1464 672 568 2080 560 980 752 532 1192 1028 1088 48 784 2212 708 508 888 220 256 204 616 352 1164 76 1448 336 640 92 176 608 536 452 1280 580 1016 1300 344 744 1220 428 1376 968 516 788 764 440 64 664 2120 1000 108 316 1264 1028 884 224 668 616 1032 696 
688 872 400 3036 620 288 1532 660 968 3876 2156 3192 1724 1796 572 552 752 28 688 228 812 1292 464 1308 3976 1676 3288 952 1244 540 1268 1308 312 2504 208 664 664 3964 1292 372 1944 644 1424 428 1220 220 900 1376 580 324 476 420 0 324 3092 480 5000 3092 1008 180 148 148 1940 1232 1484 632 612 480 476 652 1436 1100 1208 136 716 1256 392 768 984 148 564 236 260 2008 824 84 656 1920 528 428 624 696 692 140 840 648 596 1076 268 2280 
288 288 288 308 576 452 2236 1164 1164 1364 1708 100 1708 192 936 1060 412 312 356 2048 3096 2064 108 108 1212 1340 276 156 548 492 252 76 188 416 1364 676 992 1320 632 880 1364 924 2980 808 80 116 292 2468 96 700 1124 1728 104 500 120 1068 412 572 544 1436 1292 660 684 876 152 1948 268 1308 88 2248 1344 1336 2656 1304 412 3012 564 692 1152 1144 248 224 256 400 572 2748 876 24 1288 920 1060 684 160 5328 624 580 604 608 2716 424 
2908 2908 2908 2908 420 1672 1672 940 3228 2500 2560 1416 616 396 656 1748 68 156 136 232 2392 1900 2528 2528 440 1556 1312 156 368 444 1088 536 180 4616 3308 484 452 884 3172 936 0 1624 488 1216 516 948 664 604 528 344 1408 1344 3064 596 112 1964 1244 3124 420 1216 1980 544 1920 1344 1436 2392 184 0 824 976 220 120 1384 88 188 276 136 856 432 952 592 1024 2012 3064 336 576 1080 496 140 3504 744 2632 3040 604 52 456 92 1652 1168 676 
1004 2756 664 640 2116 120 492 416 416 436 528 684 392 1664 1480 2292 584 1300 2016 2416 2416 2264 328 3176 3176 2984 640 328 488 972 432 888 1960 456 356 428 3432 956 2344 1036 1524 3300 356 1384 1116 3032 2724 3852 1736 1440 2060 532 2704 860 432 580 1124 848 296 860 984 612 860 304 984 132 196 76 568 296 1000 1004 888 456 1428 2244 2560 332 672 676 1964 1316 948 292 1180 208 1096 288 1112 1140 1988 292 876 776 388 1156 100 936 652 268 
844 2088 860 3324 788 1964 3044 872 872 420 404 40 248 396 716 316 612 856 544 424 96 220 220 736 2112 2112 2112 1212 120 1764 520 72 440 732 1172 2596 616 2128 1108 520 240 344 268 3764 944 432 5220 140 5192 240 3400 108 132 668 244 704 536 372 984 1300 1204 520 288 672 1276 104 556 1284 392 576 16 1012 1440 3436 712 616 1128 584 1976 2344 1304 236 1488 764 140 256 696 288 700 2152 1056 476 2320 1312 196 1256 892 596 76 152 
1392 1392 572 276 312 440 2960 532 600 308 1364 2780 1364 524 432 3280 96 704 756 664 3116 1660 4604 84 2504 2480 328 372 668 544 2088 468 660 528 2144 224 1228 1228 956 148 680 680 272 112 332 584 316 108 1564 1336 1384 92 100 532 668 2284 1324 1412 388 408 2232 448 68 96 1232 536 136 96 96 856 136 2000 2152 428 180 2380 2608 136 1660 916 2436 164 324 136 1312 60 2572 648 104 580 2416 636 3024 904 284 1024 52 1016 148 1404 
1452 1224 540 64 308 120 592 308 92 1484 648 68 200 428 256 1108 1156 660 2936 3184 2696 2592 204 4324 1412 136 744 204 188 2208 2208 844 452 560 1552 908 576 124 1176 2180 460 668 1856 120 804 184 5312 708 160 160 2192 2120 2120 420 168 380 292 212 1188 412 1020 744 500 952 796 364 1096 1272 2208 1248 820 1160 1100 1100 700 480 136 1752 388 208 64 968 716 108 3380 740 296 168 168 720 964 1300 1956 1876 400 480 280 896 684 608 
344 248 344 492 284 1356 184 1260 732 160 1200 1200 3244 544 484 200 1268 1120 2508 2064 3104 2360 152 104 84 3288 1484 996 448 272 108 2240 3220 412 812 812 984 1172 2496 1496 3208 1272 2328 588 1152 292 312 2276 228 604 2912 224 1252 1504 1316 640 664 1268 180 484 532 204 1308 2520 108 1084 632 2028 1292 228 3016 540 3448 392 124 316 420 544 1272 540 268 1808 3548 944 1356 136 580 124 668 92 656 480 776 148 1004 1464 428 520 1268 248 
1596 1432 2080 1492 1460 1684 4128 4524 656 852 1096 544 1092 248 1092 472 2860 3348 636 1508 148 148 356 2284 4460 32 628 708 1008 1320 1232 2480 3688 2340 976 28 3100 652 256 1332 464 1260 988 1468 3228 944 636 820 476 992 436 628 776 1440 1060 260 388 564 544 424 992 324 620 444 464 1196 4548 2432 1320 1472 512 1592 248 496 592 496 1208 216 2736 288 536 224 188 1284 696 1240 76 1204 148 1008 104 552 660 168 1192 680 2140 668 424 792 
1388 1556 1476 492 720 1328 5264 148 5168 100 100 100 1020 52 100 2620 876 1396 1404 228 72 1668 948 1188 748 1036 764 2232 1264 120 364 2696 392 1264 3220 816 196 2680 76 476 560 20 940 628 2212 1136 1456 696 1140 640 516 3408 972 256 64 1200 1988 364 988 1176 816 1388 916 260 116 524 1032 996 1240 764 1280 1820 2844 1940 684 684 2028 1088 644 3452 244 20 2828 1292 88 1304 272 364 1972 608 2420 1140 3064 604 64 1208 764 764 644 604 
3028 1912 144 1084 1968 816 812 4176 192 808 1368 880 324 788 260 2084 1256 436 928 184 448 288 2664 764 1292 1636 4968 1480 16 1248 628 144 1468 424 204 672 620 488 4616 132 476 584 524 3316 1404 484 556 512 1024 324 536 720 680 1116 100 1564 20 1004 80 3468 100 1252 1056 2400 1280 1168 740 3008 180 336 796 1796 248 256 984 624 2132 248 664 392 1496 3244 3116 472 3268 72 968 280 824 1492 112 2624 2188 720 588 76 204 1236 40 236 
372 372 372 3336 2212 732 1436 1256 1400 1340 584 2156 2456 3636 3676 3676 144 1172 1172 684 3084 1040 3108 528 2412 1352 1000 2876 368 1184 1268 540 704 632 156 560 1156 136 1456 2508 848 868 1032 976 408 268 652 116 1404 1288 1352 304 844 2072 536 396 1148 936 488 388 688 980 404 1200 956 1744 748 76 472 1216 1040 1476 284 1040 268 4340 1440 288 1400 140 684 880 660 484 432 1464 468 460 460 704 276 600 708 504 80 928 400 172 532 884 
568 568 584 1072 2788 504 388 3128 80 808 288 1712 452 768 624 624 708 792 424 1380 876 1264 620 620 1332 1380 2692 1284 3204 212 1376 784 580 1304 1316 2580 2980 1104 1132 548 344 392 436 396 104 2528 128 508 2232 172 964 684 3372 1004 2164 2928 1356 916 1132 424 4032 744 944 1508 236 4052 536 104 528 2388 3128 248 1124 52 484 1596 316 900 552 4344 892 1544 1252 3888 68 1020 1456 1276 496 2120 436 556 604 244 752 232 148 1640 232 208 
1992 108 460 1120 548 1444 476 1016 728 104 1856 4540 100 520 2320 248 540 540 144 4444 2128 640 1392 1392 2276 488 1368 1292 2984 1228 220 256 1496 412 528 2076 1160 796 208 1332 168 1264 576 496 328 1432 1504 320 2004 292 196 1420 348 252 1132 3684 168 1236 784 1000 536 228 112 720 1240 364 300 108 120 320 896 804 460 680 92 288 1624 1284 596 936 916 1364 1276 1220 328 760 128 64 2128 160 2480 1704 136 132 712 3044 464 312 936 608 
352 352 352 352 292 548 1468 124 532 152 2888 864 240 408 1584 2344 1336 184 184 156 72 144 144 1580 1352 472 472 180 640 268 504 168 124 3412 508 408 3560 1216 252 3876 160 4868 4868 3208 3112 1576 1012 836 1024 3128 676 804 1012 56 912 300 2880 600 176 296 200 368 1072 1072 76 660 1276 652 1424 108 428 56 32 104 972 1576 544 220 384 392 476 720 336 720 592 628 1324 264 624 296 420 1040 236 316 616 172 496 612 660 1076 
380 260 200 1184 936 5312 5312 2316 576 5312 1328 888 612 1180 532 532 532 900 1560 584 500 3132 628 348 3372 1204 1792 920 2768 2768 1100 508 1148 988 176 124 984 3076 2584 872 260 712 652 168 1124 1916 152 636 2296 668 252 1468 812 644 3152 716 652 1132 1800 624 2604 2896 96 180 1468 144 1320 132 232 188 40 476 448 228 788 612 1484 284 108 880 660 1816 476 444 136 1920 3816 1236 860 136 996 116 180 608 268 3112 700 2272 3012 132 
240 1580 476 3328 3328 3328 2980 196 548 2428 616 1096 944 232 360 828 828 1144 292 3512 3512 484 1380 264 264 388 328 1240 140 1412 1460 564 648 100 168 280 3056 3000 76 276 1284 116 268 1568 736 1688 1292 860 140 652 420 312 1184 140 708 588 156 1096 1680 456 1424 148 804 316 1304 188 716 140 632 1936 1140 112 128 792 160 520 228 424 2636 3152 1452 1328 340 284 568 284 692 1136 804 728 1168 1492 944 68 2684 148 1064 1396 432 332 
1640 2872 2872 240 536 592 428 4216 1616 1616 1616 1616 1160 80 568 3388 336 2328 116 1960 948 468 1216 448 428 616 1052 572 572 212 1252 1516 632 1164 608 144 700 220 1100 3548 116 132 3152 1084 2388 1080 548 508 1080 3260 416 360 936 312 872 324 244 140 216 1612 1300 468 248 140 64 1296 4888 1000 136 104 612 444 1368 1204 344 200 456 128 816 1188 612 3964 576 680 196 196 692 196 2804 268 268 560 556 1448 284 872 568 1000 596 840 
1164 1240 776 1164 3492 5404 1860 1860 672 104 2600 404 172 452 108 1312 492 632 124 340 3148 3148 3148 2476 3096 548 636 1404 412 3220 992 644 272 904 3508 2580 1096 624 1124 708 3020 688 268 1020 384 276 88 296 488 564 1008 1388 504 520 564 2528 564 288 3336 600 1556 856 112 356 2776 2340 3080 2564 2832 2800 316 692 172 528 640 4404 272 480 576 564 652 3192 440 648 696 1524 1000 4708 520 1400 228 784 152 2236 100 120 3004 1732 664 1340 
636 1400 636 1448 1020 1020 656 452 256 184 648 596 732 676 1184 1320 2592 632 2908 2908 1216 164 468 164 224 612 764 1232 760 508 380 272 2720 236 1188 204 1444 192 268 340 2376 2376 524 8 3912 844 2416 3324 1860 128 1580 184 3020 516 2772 1108 476 476 908 3928 3928 976 3928 1352 164 436 684 352 632 1056 2980 680 1404 1492 592 912 676 1432 3256 1404 548 1340 276 140 156 460 296 400 768 876 2316 248 5176 1204 2140 3488 1460 3136 580 476 
272 272 272 272 3448 600 176 600 76 148 156 600 600 156 156 156 276 116 164 732 76 116 1028 2164 408 192 384 132 76 340 76 1668 112 516 2084 2452 924 760 1516 1176 856 152 1280 140 172 140 1392 424 960 144 1692 952 556 516 596 304 260 888 168 372 564 232 1476 368 564 1248 72 432 120 1392 1956 932 2400 688 652 560 1396 848 440 972 572 516 640 424 272 4852 2012 828 228 1064 332 236 2724 888 700 436 272 368 936 892 
436 436 560 1288 436 220 360 396 1124 1144 700 788 892 500 1776 720 2892 2944 176 492 1504 3480 1304 1328 1956 836 688 532 200 1436 672 3076 1748 916 1452 440 860 712 128 1552 660 2812 628 112 2200 320 188 748 568 588 1752 1460 604 2484 2832 556 480 404 1080 944 972 504 524 148 1284 872 144 160 216 2944 3996 180 3484 1284 344 364 1540 48 1216 644 428 1424 852 672 2180 948 1620 264 416 4668 488 5236 1324 304 1552 228 276 1780 1004 428 
876 1392 684 876 1304 624 624 228 408 68 408 1280 380 192 516 668 1200 3108 1452 736 1312 1124 1228 656 1056 656 912 904 872 1284 3164 524 4044 668 2432 1484 1508 380 1116 1196 1936 1408 652 792 404 68 164 788 316 564 104 1188 132 1184 2268 336 700 1204 620 628 404 604 5064 568 648 392 616 736 376 616 576 2624 528 124 452 740 1384 628 216 884 740 448 1200 524 740 556 2364 1104 5096 700 1040 256 1104 212 312 248 1028 596 1320 1776 
576 348 3496 1048 1048 748 204 816 368 524 300 348 548 1488 2512 2200 132 3244 3132 580 2396 1432 2368 496 1408 808 648 672 340 356 4296 2364 3040 1384 1556 452 4096 864 428 864 120 1744 1556 56 408 228 100 540 264 864 2272 172 368 664 1472 720 560 308 116 168 708 1156 596 660 484 1376 192 808 840 376 200 2296 60 548 336 564 180 396 552 240 312 928 648 2924 232 108 276 568 1248 124 768 1172 3924 212 252 1080 2168 408 868 1028 
544 592 496 532 428 596 4720 2960 1276 1276 404 296 156 296 184 116 164 180 1580 908 128 276 128 828 1952 552 312 1268 1268 412 156 556 556 272 272 1256 584 440 332 1464 520 3156 356 580 304 872 2928 1028 2016 3148 1776 3940 1884 1440 620 604 568 1428 1192 156 228 700 340 1464 228 176 364 152 212 456 416 240 460 440 72 1448 184 416 1592 2572 3656 420 2752 100 480 884 968 436 340 136 1300 1532 276 636 600 2204 484 1344 448 3168 
1804 1804 5728 548 460 236 236 140 1792 644 264 612 2856 168 720 2956 604 2164 420 1948 3620 2368 5320 3292 1280 636 636 3268 2828 736 284 460 1148 216 1836 1092 1348 1532 1284 1248 1140 252 1544 68 148 840 644 1140 936 972 108 948 1100 2796 524 1332 1104 3040 588 852 560 992 72 2304 1108 5512 212 276 3656 2084 288 624 524 504 1404 3264 112 580 56 464 1076 1228 1212 984 1516 708 896 1284 100 364 3996 1604 140 1260 1404 696 980 1580 1580 1164 
372 620 4832 1032 324 324 324 5632 1444 1564 1444 1360 2308 2308 1392 764 576 3164 3400 4944 2884 3016 3148 336 2712 104 1004 648 3216 1228 1228 524 556 148 712 472 116 1132 1264 736 2340 3724 1188 584 1376 1576 612 144 1348 4792 620 192 1016 180 508 1272 976 788 196 1336 416 2004 648 1000 4592 228 4368 864 292 2756 2364 1080 500 1496 1356 1388 516 1704 848 1468 860 1000 652 124 1528 304 1360 720 584 20 3240 1276 1512 104 1544 1292 2948 1320 604 364 
740 740 740 1860 1928 284 1928 4468 1240 240 524 660 1084 920 848 2216 2084 2084 3552 640 596 748 408 1568 3488 3836 1096 168 120 468 388 948 944 3236 3236 516 420 1132 460 1264 500 252 1368 2036 424 4976 576 612 3452 4916 1116 1536 700 3132 1132 2980 1280 1372 1364 388 228 272 64 588 560 236 124 304 944 704 1132 1212 640 3164 312 668 1416 104 224 104 2784 2140 1012 2296 708 84 284 576 1052 1188 888 680 632 1488 664 104 1352 1036 536 744 
2296 1348 2972 3540 1444 192 1776 712 900 16 1620 1004 1420 132 2500 4576 1372 1372 312 296 4336 1176 4336 4336 3416 1312 828 316 1064 620 180 68 348 868 156 1176 260 728 1192 1384 220 1520 588 3312 2556 772 144 1344 1484 180 948 624 1176 884 72 212 532 840 64 700 564 384 1592 392 124 232 192 5140 612 496 340 1048 3496 312 1332 2024 3204 1028 1448 512 1972 956 1264 3308 996 2316 256 156 3452 4 3156 1300 440 272 1240 428 560 3212 2228 944 
1012 1084 1084 2836 2340 2748 732 656 3604 668 668 132 668 220 3044 2952 1344 560 3528 676 152 1084 6180 656 376 1752 2064 1588 1588 1992 1392 600 600 248 432 1352 3196 456 500 240 2376 112 644 1348 2272 976 1092 964 3316 192 3360 136 3160 5128 252 1548 1020 1716 2056 1036 4868 124 1372 484 1196 1636 732 2104 132 268 56 108 992 556 592 1584 800 1268 452 444 2040 588 5204 112 1800 44 1364 1400 624 836 212 1224 1372 236 2700 112 532 228 2020 492 
1756 4940 1280 1980 3072 92 736 536 404 404 276 276 624 2816 600 3568 580 1448 120 2112 120 3448 908 1248 1248 460 5076 544 884 208 192 288 288 128 1192 1048 592 1124 588 2408 280 1464 836 1572 3236 1604 3928 4044 1112 1960 3060 1552 300 348 3500 2352 188 920 956 212 304 984 724 3496 252 2856 148 72 480 764 2876 1296 3252 176 1184 1000 348 992 932 3536 1308 140 312 1588 616 864 520 2376 1116 756 3568 1176 2076 344 852 1560 972 532 352 64 
1236 676 1004 448 412 448 1256 1156 2876 264 3288 2072 980 664 544 592 4 952 80 584 1040 140 144 400 3180 2116 2804 3024 3304 3304 252 532 888 112 516 764 256 544 196 572 576 1704 2936 2804 1444 792 2408 1048 1208 516 2424 524 2524 564 624 836 60 2264 136 2252 1420 2380 2252 1284 528 1344 3024 2272 1292 1456 1492 1828 668 1072 1184 524 2304 2004 280 372 628 360 4468 176 448 112 1168 3108 560 524 552 844 4804 1088 1056 6164 3536 476 1048 960 
584 260 260 584 1068 2072 152 3264 1768 316 2540 2024 1036 1044 2672 2672 1016 2736 1508 1508 1608 2928 1456 1456 2520 1520 104 1108 248 136 1256 1992 236 440 328 232 5032 640 3476 1288 384 1308 1040 584 968 764 1920 2412 420 288 660 1016 640 464 2440 132 340 2860 3372 960 2568 888 1068 140 360 2304 444 548 1272 2044 1112 544 2436 268 164 1284 2476 1520 752 112 936 5036 3412 464 280 296 572 868 264 100 424 604 1176 1468 164 244 620 1792 712 308 
884 312 312 312 556 2040 896 664 188 2132 5696 396 1160 1160 76 1904 968 2768 2752 3328 568 568 3156 56 3448 56 3256 1696 416 416 3044 3044 752 860 1472 1032 936 2456 3596 1136 372 1508 728 452 1220 3008 1988 588 1212 580 136 1000 3220 92 1236 172 768 944 2032 1396 1320 532 1560 592 3072 2240 552 624 1200 656 444 504 2920 1372 1468 828 96 1444 76 616 252 960 1372 740 700 436 1664 776 768 1276 892 1660 668 1388 676 1432 900 3388 492 908 
2332 1044 2572 312 3468 244 372 3032 2880 1752 1040 784 1348 584 2536 236 148 92 808 504 1120 816 1436 816 2056 60 684 1168 560 572 388 580 1916 984 2356 988 264 808 432 708 956 1532 2852 3420 2880 272 536 172 1604 980 492 1656 736 4 1580 900 852 3868 1020 556 792 4 436 2936 348 524 76 3800 328 608 816 3540 360 332 1124 592 1184 128 1468 1184 452 3044 132 380 432 3116 1144 1760 1152 992 96 5132 248 568 1164 184 108 804 136 1652 
5408 5408 5408 5408 400 136 216 756 756 156 432 1196 2308 3304 1136 3304 4124 4124 584 584 1652 1484 3116 684 1236 756 452 444 1272 1272 1352 252 3556 1164 4416 3492 56 924 2768 3708 2892 3344 1360 3348 1440 1236 76 280 2016 528 300 856 692 732 1236 1508 2384 1388 2888 960 700 472 1484 3068 576 628 576 664 496 1028 264 2036 2440 944 636 476 544 2772 2060 504 560 192 116 652 2844 1052 560 152 1064 464 548 580 2032 908 2876 312 516 496 356 76 
2388 416 1500 328 2388 176 2880 2384 2384 1020 2384 228 1592 672 152 988 260 584 3268 1484 740 324 1276 1276 376 376 1084 1084 544 544 144 564 144 916 1264 140 24 168 1856 416 340 548 156 4240 1048 3084 684 1124 428 396 220 276 312 884 988 536 464 992 680 1472 2416 2072 2848 72 52 4784 1280 3660 888 392 864 1064 384 576 864 184 1668 772 748 1068 276 972 3828 52 1536 136 1400 3208 1376 156 1676 536 1784 360 732 1124 176 1316 812 568 
796 796 796 1388 724 76 948 1576 1992 1948 1348 2588 1308 1252 132 2168 176 2916 2132 272 1236 1236 484 2276 3464 1360 140 144 120 112 184 140 2076 2076 2076 2076 2720 1408 1144 288 1672 564 108 3060 1276 432 3704 916 608 188 864 176 120 828 1224 240 2180 624 612 272 1248 648 732 128 848 1280 112 1284 300 292 904 452 5728 592 676 2812 972 1904 1400 1008 124 468 1016 1348 312 712 716 688 692 460 164 644 924 568 144 128 3316 2928 2960 668 
1072 564 1160 980 1728 3120 3120 1608 1296 1128 3124 876 284 132 756 2356 84 5552 3732 1412 2532 1404 1444 1352 1188 3052 988 1012 1216 176 2744 1644 288 236 288 1372 84 3240 80 772 644 4 588 816 1100 704 1104 2836 1116 612 3072 996 632 2808 3220 3220 1320 584 3184 888 468 704 3096 2892 748 236 1352 656 640 72 2388 672 1060 2852 572 1012 596 896 4088 1416 188 1456 872 2976 780 88 80 356 4368 1032 436 740 968 600 116 696 1452 2968 744 608 
1128 2512 1128 236 556 2804 472 3676 1736 2436 960 660 660 1284 104 1368 668 1184 148 1536 1312 608 296 1464 3284 640 132 436 1316 1100 1320 784 784 856 668 92 3628 300 948 1900 2432 3076 168 588 1172 1540 1000 1400 668 472 2896 540 644 508 1020 3676 764 1024 268 1788 468 1368 1064 844 244 2448 4752 1900 1096 1008 28 1604 4880 984 332 1864 444 1048 1296 1128 2904 456 916 1236 88 1824 676 204 628 1032 348 1092 2880 656 608 1568 772 448 320 2496 
2612 2552 2868 3696 3696 3696 2176 92 152 152 64 2940 2600 380 2160 2180 1296 704 120 636 604 820 1284 16 684 684 628 628 304 536 2824 1192 1532 836 1248 572 356 2744 572 3040 212 2272 2744 940 624 2380 4896 1660 2312 252 140 784 3116 2828 1588 3056 176 148 2828 600 2432 2432 568 408 2968 144 784 4564 2684 3428 1260 5152 588 2128 1176 348 1584 348 2104 876 172 252 1792 1748 616 3072 724 576 712 2372 740 560 2840 3440 1424 748 604 1024 684 432 
580 336 3108 2608 2368 104 1652 1652 1076 2092 836 836 2368 248 192 1184 596 1436 2616 28 992 4964 328 968 968 704 776 328 408 1108 596 1692 1540 172 524 164 352 152 536 3484 1348 1104 484 360 92 4296 652 812 1028 512 1432 304 192 888 764 544 148 240 84 2416 108 1144 3612 1096 424 844 3016 180 328 960 1524 128 2832 248 592 816 576 792 64 760 1292 2360 1564 156 280 1456 308 1616 756 1180 188 2224 264 40 296 232 2416 1632 212 656 
780 780 780 1764 3320 1036 400 764 1824 1824 1824 216 612 612 1700 1700 1700 1280 352 2680 236 936 936 1244 728 5332 96 3036 1100 1372 68 2044 552 496 2804 3788 2600 1096 1912 1212 1128 1452 1028 2500 400 712 844 1260 1584 1640 692 684 264 1384 232 392 2720 1384 1136 72 1128 1392 456 1316 460 284 600 72 1172 676 972 1304 4 1792 3332 1600 584 3720 2804 176 1012 364 1268 1268 1072 652 648 976 360 920 128 256 1736 1472 212 620 272 3260 1848 176 
240 1584 240 3832 416 1064 3300 2728 480 224 2996 876 236 2116 56 1576 1896 108 1916 256 3148 300 584 144 3156 3156 4524 2480 2056 524 1348 1320 2316 272 1064 1064 104 472 520 152 152 580 1016 3444 832 3652 1380 1468 1536 1324 320 116 24 2924 2400 1400 1792 1344 712 552 544 1056 2508 472 1044 836 1020 908 96 1144 2636 48 2312 540 60 312 228 1404 1588 2144 568 604 2380 1704 1192 1256 344 2004 204 180 2032 3248 640 832 2772 580 640 84 1768 1932 
712 1356 712 596 1564 772 316 660 580 380 1408 388 732 1576 1900 3140 160 2416 264 140 472 472 156 2000 2860 732 488 532 260 588 280 200 520 1124 1160 92 888 780 572 2948 788 604 524 1264 1180 660 104 1412 2316 204 84 464 4068 1120 256 704 696 1156 1612 2176 264 332 20 676 592 224 108 1200 116 160 340 2548 8 680 496 604 324 1664 972 176 3076 3260 3896 124 1136 616 584 92 468 536 280 1536 560 640 524 284 1436 3344 24 468 
2092 416 2092 352 1700 2156 2316 576 188 1312 564 900 324 740 260 128 1328 1132 4968 656 3340 4444 3524 1340 584 504 1556 2080 956 1112 1192 3008 2252 2252 340 2256 1972 2340 3092 1764 1448 2980 3204 440 964 2108 1004 3088 1644 736 1720 300 1024 1400 396 1404 1480 1256 244 1440 852 84 348 308 1456 740 1632 2072 412 360 664 1300 728 2108 116 1228 380 440 308 496 412 2276 752 2400 140 1044 2612 1288 1572 208 1168 1100 540 720 88 1800 1148 3012 260 712 
3692 8176 2916 1120 1796 2524 108 1120 1544 1544 288 2988 8 1380 760 760 556 556 3436 112 188 576 1084 812 1504 284 60 1344 2696 1864 1348 4620 3080 2224 4580 744 1244 2140 348 5040 3116 1748 1552 696 1568 3152 3136 476 432 3136 908 784 64 620 64 712 900 748 448 32 1352 648 896 756 600 924 4440 4728 2264 260 2740 1336 112 1416 1284 260 1204 624 1012 700 220 512 164 96 1388 864 864 592 440 176 2596 4480 1280 3308 2040 288 916 2444 1404 112 
1444 1336 2304 1804 4668 652 824 648 2732 268 3488 3664 576 576 904 1136 40 3424 2704 3424 1352 2916 132 3108 312 2816 1276 3936 1216 3156 3156 5364 644 852 852 1060 3852 688 688 1568 1896 608 616 1020 972 1188 1424 1236 2640 940 1092 1072 672 2444 492 220 1088 1088 1592 4540 72 72 2776 424 124 648 64 496 1484 708 236 916 568 1192 168 544 128 3744 1988 1088 732 152 888 168 2484 4908 116 472 376 1024 3436 1156 2308 136 896 524 1844 2232 492 248 
3084 3104 296 1856 292 340 976 400 800 624 1340 956 728 728 300 2708 640 1488 56 868 100 1816 1220 1148 232 232 264 536 396 592 272 248 272 104 2652 704 1328 2676 2600 2256 224 504 3380 596 364 840 400 680 872 2984 428 2064 2948 2524 1440 212 1524 588 1272 1204 1072 552 532 3232 584 388 296 604 312 1228 1600 592 312 624 1104 1184 212 1784 1868 140 716 664 2428 428 3140 1504 2068 1320 1360 1388 272 596 1020 576 2424 3700 328 1112 1208 1136 
2972 4520 780 1048 2628 196 432 624 2212 1472 5252 5252 2748 3304 1336 3072 1628 2696 2312 2312 2076 1992 1428 2920 7428 3704 1472 1332 1532 1532 580 56 1580 708 548 964 556 224 584 324 1020 540 544 332 596 1072 1160 2992 1304 416 864 1404 936 2748 4416 1508 1620 1328 1788 836 716 372 432 696 2568 3084 552 1156 644 660 2168 1476 5408 104 4004 896 1172 3872 1492 3280 1548 512 1448 684 2296 2820 60 3344 1348 2372 448 748 2304 636 900 696 956 52 176 52 
992 992 992 1352 292 5264 2420 2340 5164 3292 5320 2976 4148 1244 1616 88 88 560 560 524 2116 1188 1296 696 1092 772 684 1868 1868 868 352 92 1556 3252 2232 2576 328 1200 16 588 2416 36 40 1428 748 3700 676 3336 3276 632 1284 1048 684 588 408 1176 3912 260 236 1876 1384 1112 528 1840 940 112 656 2908 1388 1752 2788 2748 4540 656 3064 112 384 1960 1728 1012 884 1008 1292 1548 3384 1384 384 1120 1004 1752 720 168 244 2848 888 2960 936 556 796 1952 
3432 2044 276 3516 692 1588 576 1160 3656 1092 1016 2504 3320 1312 4444 516 2100 1348 1224 1084 1444 3296 1620 136 2032 1196 524 1016 896 292 712 688 628 1124 76 2456 3568 2348 1344 4612 988 536 592 1168 1224 3288 68 804 80 736 2020 100 2452 2944 184 1752 2476 3472 2580 604 1056 284 276 648 3288 2540 3476 480 480 2112 1336 1124 928 3480 2804 3124 32 744 4264 1380 1968 312 676 916 3132 528 280 624 336 420 1344 1572 1132 1096 512 1400 968 1284 1292 272 
4492 4492 4492 2276 1052 3440 548 2360 2400 1972 3304 1048 208 2368 584 3532 2620 80 344 1344 92 960 2404 5016 5016 1116 1116 1592 1592 2888 1356 228 68 2288 1028 1184 56 908 1792 4468 272 1512 244 1368 1236 1648 280 1144 1104 1060 4468 2112 468 2480 104 652 460 700 516 188 1372 904 1048 76 996 732 3356 584 792 764 1048 1064 428 156 1596 168 240 1132 1436 1084 528 60 520 688 2868 2812 160 1544 472 2452 140 3296 216 568 900 904 2988 108 584 1352 
2896 2924 3756 3756 3756 3756 1004 136 1080 1020 1004 1004 100 448 520 676 1540 676 1368 1368 1128 1272 1348 1584 216 3404 3756 2576 3224 1060 164 1044 1044 368 48 1524 1132 1272 744 1992 2948 1728 3088 1432 732 812 2412 480 520 780 1248 1020 1916 888 552 664 1044 72 1232 1084 2572 972 3352 1372 1708 624 1656 268 764 1216 2612 272 976 3268 700 640 3772 2156 1580 1512 304 1300 76 632 1156 1228 288 724 112 368 1492 1416 3464 1268 188 2780 92 40 1256 2480 
2184 2184 2488 2712 1384 1340 1384 680 1280 1588 1248 2264 3200 2136 3196 3196 2824 2336 3124 888 2688 1528 3024 3320 404 568 456 736 1376 1376 688 1244 1040 540 5140 1240 1348 984 1144 3500 800 1004 3880 864 1624 184 452 420 2224 2404 888 356 1456 548 2192 1696 2244 632 104 256 3444 136 976 328 1276 1680 2512 204 1308 1584 1260 1020 2840 3216 2348 56 528 1308 712 1452 1288 2772 836 1504 528 724 1152 1284 1436 172 3192 892 2136 884 1400 2228 1040 1152 1040 2884 
3268 3268 2376 2440 888 576 1236 3476 1488 2304 500 524 524 116 2176 1668 836 836 616 296 20 1056 812 5260 464 620 856 1572 1192 1624 3060 648 1404 2576 156 2352 976 1036 1816 736 3324 1468 1460 100 2000 2400 648 2584 1244 84 656 144 560 160 1104 424 864 864 960 1432 876 792 1428 5036 720 672 812 672 5036 724 48 832 1452 440 612 320 3180 1692 204 1776 2448 1340 3104 2020 448 3104 5184 1472 1180 1860 1424 1260 660 4632 420 560 808 772 2900 1640 
652 652 148 1416 4696 296 276 276 736 1360 500 1020 1416 1416 1416 1064 316 1036 988 2840 2840 2840 1600 1496 3128 672 672 1280 2044 60 3016 6252 2632 2280 600 1316 524 1484 1192 1016 3080 1372 1224 736 2144 868 812 272 3244 772 3112 456 2036 3300 1772 2680 696 892 644 848 1760 1596 584 1052 728 192 1196 1236 808 800 3960 644 880 1004 416 484 7404 1736 132 940 4836 876 3628 1416 5464 1228 3160 1440 284 3204 1584 1300 408 1856 2084 364 968 80 3456 188 
328 584 216 600 1464 2252 1780 712 620 120 620 712 712 696 728 188 196 592 4384 3212 1252 1656 3232 116 1628 216 216 964 1436 152 1288 1428 3520 3032 1052 3652 3608 200 284 76 2812 1996 268 1936 1368 76 608 1740 816 1024 988 1080 6628 172 3836 3260 2532 2084 5624 1524 1336 36 1356 756 2184 1204 8 3372 1096 80 572 180 876 944 1112 828 240 2452 116 1728 648 228 1276 172 4048 492 1140 2112 1116 1232 3416 1360 284 4960 516 2188 992 1268 1236 916 
1856 1396 1856 144 4116 2224 4116 2840 500 992 1092 984 1396 984 748 748 1384 1384 2896 1748 632 632 352 884 1404 1404 3500 988 684 1152 1096 612 200 1240 1328 2120 1060 2480 136 2740 3428 3152 2940 1032 1656 2164 480 1644 2672 824 2788 676 2692 1564 1328 3052 1136 984 1180 3792 1324 3352 496 192 1340 2036 820 608 1188 1848 512 3352 2508 3488 300 1584 560 988 496 1544 620 208 5344 2452 808 2964 916 2248 1288 188 836 5060 620 872 1788 148 880 880 172 880 
1500 1500 1500 3348 1304 1124 568 568 1144 568 2176 728 704 1400 5916 600 1500 1500 3164 248 744 3112 1252 1076 2064 36 4036 100 988 3096 4312 1736 380 4740 1896 2952 1924 724 1320 2676 1072 608 684 224 4228 3380 624 992 1724 76 0 700 3260 2380 2652 2092 860 2204 464 1384 284 3180 656 2368 2756 244 2048 104 1528 1316 2748 1624 1888 296 1056 1020 736 284 2696 3476 588 3336 2944 3324 3068 3272 3344 608 524 1152 532 1428 2464 1544 1764 2392 1504 1524 2828 1248 
2224 304 2224 1196 600 896 1332 116 136 604 712 1496 2416 2480 1300 2924 1448 3564 80 840 1460 696 436 668 280 388 1528 1756 1464 8 828 804 4888 460 3220 676 300 1580 1388 156 608 696 916 840 408 576 1224 988 2320 1828 2652 3548 4 568 632 2416 640 1664 4712 820 1216 372 2588 268 3156 108 520 228 5364 4700 1308 680 752 1988 1204 1204 752 3808 676 1104 1128 524 604 3236 2556 684 824 588 680 1040 1192 100 980 3052 116 780 536 3256 1240 336 
5616 2772 2300 3420 780 780 1848 980 980 272 1408 3268 2360 1624 3196 2120 396 2372 2172 3640 3640 1008 1328 116 2412 3152 816 1284 1284 252 100 1260 1308 796 3592 4712 908 1368 632 632 1080 364 1396 1028 236 692 728 3344 276 2020 204 1228 3012 792 1212 152 2176 1260 168 1420 384 400 740 1248 1288 64 1412 2036 160 116 1488 164 3548 60 608 60 1020 600 2700 488 208 364 1416 252 180 492 572 756 296 1320 1004 4 1516 644 912 612 1164 3060 1692 1096 
1372 432 24 4 1208 3052 1172 184 676 728 144 2840 3328 24 528 5668 572 1816 3600 2336 768 780 372 1316 1500 4220 984 296 600 748 744 4604 136 3464 3440 716 600 3120 576 100 956 992 292 104 104 1440 1792 528 1200 1448 532 1504 1348 1888 72 136 1148 744 444 1112 1532 1072 1292 1804 3940 2064 856 1232 268 124 640 1340 740 172 372 1448 2004 680 1080 1244 4004 304 3048 124 1436 1052 580 216 4540 5660 412 1288 616 940 5444 732 1204 3340 572 508 
1644 1644 544 912 336 336 336 336 3432 1908 2328 1300 232 2688 2128 1276 3304 2192 1032 900 1248 292 296 1172 1160 1900 2992 260 84 3828 1100 748 1236 152 932 576 732 3120 1824 700 596 836 660 1476 1008 428 920 764 1392 1708 1152 4752 104 772 5356 132 116 900 136 476 448 620 1592 1952 1216 700 284 1240 956 372 280 48 108 992 720 1856 692 1516 552 1088 956 124 1456 816 1600 2640 1152 780 4716 3420 3088 0 104 500 504 3332 988 1684 40 1964 
736 1068 164 1260 3372 1484 2720 120 708 2748 1712 1712 1308 1692 2344 252 248 1216 2300 240 1048 2240 848 1364 1364 3432 208 868 684 2476 3056 2880 3096 952 736 2524 456 1160 2632 3760 1144 1208 32 340 604 1240 456 856 852 1228 2996 848 1064 1280 768 1292 240 1548 1056 2164 168 480 600 720 2268 2284 3240 368 572 60 2956 844 2900 1184 696 3224 12 928 2360 3404 1052 240 1236 5520 2140 1332 1332 2072 572 1008 1340 1248 4280 1364 2360 1016 856 628 588 4672 
1944 3048 1508 1556 400 1332 1964 1964 2388 664 3420 212 112 2096 652 760 1160 2452 592 592 2484 2484 1444 1444 1044 1484 1392 620 544 120 3384 1488 1372 2040 3572 1596 440 1340 1024 244 1916 2264 8 636 5424 676 776 564 2820 1528 564 1724 360 4140 3804 8 1172 3284 2904 1692 268 1268 184 2268 1424 3172 228 536 784 252 2268 484 132 1016 1504 1088 1156 1076 640 1296 1420 1504 1312 5100 2288 2492 308 636 2212 488 1080 3732 2412 1476 772 832 960 24 220 1012 
1672 1672 1672 1292 1512 708 568 2784 52 1008 148 1428 1800 288 104 344 1080 1428 988 464 1180 604 1628 2300 732 2144 2380 1160 596 1960 1932 632 1276 544 1760 1340 120 788 476 684 1020 2332 844 1304 852 816 3364 3460 1400 420 3392 236 752 3144 1060 168 916 1552 600 700 420 1916 576 1364 844 1772 980 592 1596 1436 2200 3280 128 308 1108 1548 748 1160 512 3132 104 260 2784 1476 1044 1044 972 2584 256 3272 108 624 1280 1436 148 240 328 3068 1604 2516 
1200 1544 2112 3892 1316 52 328 1464 1720 300 664 1204 1468 260 5452 1496 2952 2492 3928 2812 752 352 224 224 1380 1036 1248 160 1972 3632 664 80 444 4244 1004 300 2224 3148 1060 2992 6032 1404 3048 2360 3436 2704 380 3296 1332 2124 1168 416 2464 2628 756 1088 832 12 1808 3052 696 1564 2924 1864 692 1296 132 5792 112 668 1616 616 1772 1376 432 540 3276 52 3524 168 1156 528 496 2144 3396 568 1052 2460 972 1272 1152 448 940 284 4308 1332 1868 1576 2496 1072 
1072 2892 920 1704 4184 280 208 532 396 3276 568 2848 684 2136 2736 2236 1284 3496 52 628 528 228 1024 1412 1412 2872 528 1164 1164 76 4368 5072 836 2224 4532 388 2864 2088 1452 88 2024 928 1040 780 3160 3736 720 368 3036 1144 3980 536 1532 1152 496 2672 3576 540 136 4972 76 1484 1028 3536 984 1060 4536 2572 644 436 3192 3196 396 824 1292 5136 52 688 1416 3136 920 2848 596 540 244 560 616 576 804 216 1068 848 936 1060 4352 808 1276 216 768 536 
688 688 1864 324 1760 304 6268 972 536 564 3680 396 752 1300 1156 688 2268 640 656 640 336 3244 3244 4800 1072 1176 788 2024 4600 3144 1988 3244 3080 2212 996 472 244 444 1408 472 1428 564 3144 2492 3768 724 1852 164 728 584 724 2836 1480 1412 2288 1376 2460 1068 384 540 4240 176 2404 3308 3216 572 52 1312 1380 1424 1384 160 580 104 3148 540 704 660 2156 3392 3336 1272 40 1136 560 436 1588 924 1248 600 3924 1356 1372 76 588 696 660 552 56 1892 
4604 4604 3316 4604 2440 2680 2680 5180 448 448 3456 3468 664 2944 3624 196 952 132 192 1160 2944 448 120 2400 5440 796 240 120 1300 240 240 3856 208 120 3488 3488 2164 1604 1564 1096 636 1328 1316 3052 1168 320 116 1040 3448 1472 2584 164 2184 1400 52 1292 216 76 8 1156 1136 760 84 624 760 284 28 148 2948 844 636 644 3724 712 5140 884 172 692 380 1552 2788 3212 1876 2620 212 644 608 304 688 2336 1152 556 436 2484 272 1836 664 1108 428 1268 
3308 472 1284 5264 1496 916 2000 940 2288 336 1832 200 4440 1832 3312 96 3792 3792 3036 3076 888 904 748 1972 216 152 336 2536 312 172 2408 1344 96 4 1920 1920 608 912 132 880 5136 704 1272 748 1636 3368 796 4600 3612 252 2580 1400 1584 3504 676 224 1024 804 1000 2784 508 1232 1480 1172 2436 272 2872 332 132 2168 280 656 156 288 2948 1740 520 2760 3724 2304 196 724 2176 472 228 1168 5468 1652 1456 240 2464 3328 2076 1272 120 168 1408 932 148 2148 
580 580 396 1484 3420 1484 1040 1300 2320 1756 96 2844 2844 2632 2632 2632 656 544 4652 3460 232 1136 592 356 652 2928 2428 3204 3204 1952 1376 724 2500 4916 800 3824 336 2364 2644 3428 592 544 420 308 1376 1852 964 488 1060 1148 1320 1320 260 2992 1064 596 592 916 3672 2748 1820 596 1456 820 2368 2844 276 348 636 636 288 568 732 1224 152 652 80 944 352 1400 744 3192 1240 1188 876 2468 3044 460 1300 224 5300 2088 200 516 2936 1304 880 256 1032 1028 
1492 844 4988 2836 1368 2948 2436 1000 84 2268 1688 8 2272 548 1760 452 2336 824 1332 452 452 460 620 1508 1508 1332 248 296 520 1316 720 164 5380 1444 4004 164 164 140 60 1400 324 516 768 1788 3292 1432 2444 148 1348 3136 2412 4872 308 84 140 204 1348 112 116 700 2772 552 1256 248 964 3088 440 340 2476 3320 968 1092 428 192 1388 2788 448 472 352 1752 568 1084 2200 1616 2020 216 1972 468 716 1664 1664 384 76 3228 1196 1568 252 416 1640 692 
2284 4488 3012 312 2360 104 472 2376 1532 2376 1380 844 1760 1392 1392 3536 1160 716 844 324 688 1352 2008 840 1148 1188 576 2576 156 1156 2184 92 576 692 1208 1944 68 576 1988 540 116 2180 1800 1592 2712 1552 1272 2884 324 3844 1416 1016 3284 1576 560 544 988 2140 812 5040 76 2828 5012 1084 272 444 464 992 128 1400 864 260 3504 1368 1284 4776 1580 76 2716 924 252 1164 528 2184 964 2996 2444 624 336 4116 2236 888 3052 16 272 680 640 1412 2368 80 
3256 420 2120 236 1300 1372 2100 2224 1200 2012 2012 2012 808 996 1412 2372 1360 68 1692 572 3276 528 1460 536 116 116 1820 1004 2228 820 1760 264 1556 500 1316 236 1076 264 248 940 872 2060 604 408 2708 548 68 536 5448 1436 472 424 2276 952 1668 584 1556 2076 852 1440 740 960 1264 2520 4712 776 3580 1288 1144 288 1576 472 2400 416 644 20 700 2764 2980 280 128 3184 712 4548 4804 1012 1316 732 1092 140 52 1712 1016 564 1332 884 128 2072 712 692 
1720 440 440 1376 1072 1416 364 1636 152 2736 592 1372 988 80 652 1080 1332 5412 5412 1428 760 688 1908 1224 1224 1604 2020 760 36 544 420 1616 572 424 788 328 308 332 3548 2644 1012 584 1472 708 2564 1256 624 1304 796 2848 2968 456 1096 2728 2852 220 520 984 5248 1352 508 3628 752 2256 600 788 1356 784 284 508 5244 2940 656 264 1020 352 3684 296 2160 4540 1300 816 1128 24 1380 128 876 4492 404 3616 492 8 3024 644 64 800 940 1484 396 612 
1628 476 3536 1028 1132 528 4712 4712 4712 968 956 956 1612 1860 1900 2772 600 1776 2380 1488 2320 936 12 3084 1236 584 188 3396 124 1384 260 1220 528 2916 1468 1408 468 628 1096 1424 152 1096 1120 3128 1396 124 1280 2160 996 540 3356 1048 652 2468 968 1092 2860 516 2440 792 716 936 72 1080 1020 1448 140 232 676 3468 2308 3136 3384 768 80 848 2080 216 848 3852 1272 2292 480 2712 1612 5516 576 348 476 2376 684 1240 624 984 4128 3584 2804 0 132 1048 
1220 100 1644 1452 3096 104 1452 2392 2696 2696 2696 3536 5300 5300 96 696 1060 1584 804 612 1464 2248 1416 1432 1172 956 580 1972 3164 1340 1404 320 960 664 2968 1504 2492 1668 3308 360 1044 240 2488 1344 1328 916 804 1456 1168 696 3212 1160 180 3352 612 724 420 3304 240 3464 664 3444 892 1112 1624 1072 2580 100 1132 916 360 1928 1636 5360 592 520 1668 1568 2008 728 68 1252 676 132 88 132 2752 856 1156 276 5248 440 1240 2608 1828 588 48 516 2196 1456 
2036 2036 88 2768 664 3060 2768 3512 1560 664 664 664 1076 180 2732 4144 3076 2244 3040 2496 3288 988 356 2860 624 440 1644 1264 1312 532 2440 1064 2788 2788 2788 256 644 1360 648 1208 40 392 2500 580 1840 268 2548 1552 2496 1752 1984 16 404 1308 1192 92 372 824 1768 1204 496 1224 4984 876 1112 220 672 1412 2704 2984 1448 1216 260 608 736 696 700 3564 428 1464 1268 2096 572 2856 308 2652 144 312 4392 2848 1604 1148 2016 2716 2372 1216 132 1216 3048 120 
3248 3248 2852 3864 2616 2548 628 556 232 572 572 728 1432 2204 1808 1072 3496 1576 4664 492 2380 2400 2096 460 1348 664 688 1040 248 1480 1188 1492 288 1412 1992 1612 2964 1068 3140 1252 3024 152 948 856 2432 408 3620 616 564 1464 80 2280 3060 3244 1544 2436 1560 536 2200 1720 132 264 2884 688 904 120 4804 6840 2160 1568 492 3868 124 896 856 988 876 2480 5760 3036 956 660 588 3028 1848 100 636 3008 252 328 3044 2212 4292 492 1156 412 2468 224 3312 2744 
3168 2460 784 5344 2448 3340 2724 2724 3016 1096 2628 1088 448 1204 3256 776 3224 564 3224 3224 676 288 288 1836 1168 1488 252 1464 1444 1084 284 6004 1320 2420 1692 2308 2164 3804 640 196 1116 144 748 1356 508 2020 120 704 1656 2304 176 140 2272 572 736 1760 3224 404 940 268 892 2648 3436 16 1460 1032 100 476 180 3168 1388 3448 2772 228 176 3400 3428 2304 2192 280 984 1076 3108 736 1272 464 2220 1348 3420 328 2156 484 348 616 60 1476 3056 2928 100 1408 
1248 2860 6044 856 696 64 624 1440 160 2984 832 2960 912 908 2768 760 3224 3188 100 304 3488 684 272 572 264 60 8 3624 540 540 420 996 736 1992 220 2128 912 2416 152 216 472 2020 3740 1416 3808 3336 84 828 1840 432 1412 2356 1176 772 1044 2944 868 168 1644 132 608 3172 988 2556 520 2140 588 5204 204 3172 1104 916 2676 528 496 484 288 560 164 544 204 5000 236 1348 684 720 6812 3276 488 488 232 1888 2408 104 1012 708 2068 2920 1356 76 
3108 892 1296 120 184 616 3396 3268 3136 1672 3136 3300 2260 1148 1388 1952 1808 1220 572 2596 732 1392 3232 3232 832 1052 3028 3052 1988 1576 560 560 1372 2632 1316 1352 1420 672 2816 1944 280 1408 3392 1520 2220 432 3024 1696 744 1408 220 836 1336 1468 2164 692 1392 2976 2472 2652 972 104 4668 5660 1568 2788 224 248 3096 2160 1044 820 300 2284 1472 1332 4048 1260 248 692 1592 2780 6764 1016 824 1124 6800 3156 1392 3668 1352 1468 1460 1296 136 2300 108 2824 436 792 
1304 1688 1304 516 1996 1996 2024 2100 2232 936 4900 1164 1328 2284 80 536 1324 3784 1504 924 4604 988 1464 844 812 80 652 5724 3200 48 776 4532 3208 1500 1180 1448 1220 1744 1396 840 1272 3452 2904 136 1056 2428 2708 740 1192 3396 404 504 208 1800 2068 268 1692 932 1700 632 1308 2360 2016 1288 1472 2992 676 3096 80 600 3512 100 1244 1512 1168 1168 592 1352 1328 920 24 3924 1252 1268 1752 920 568 2600 1600 336 564 1496 92 224 988 1668 1228 1392 1184 3532 
